2 0.17578125 0.05546875 0.12109375 0.05859375
6 0.18515625 0.17734375 0.04765625 0.01875
1 0.25859375 0.2 0.07109375 0.02734375
2 0.34453125 0.23828125 0.025 0.03359375
6 0.47890625 0.25 0.02265625 0.03515625
6 0.55 0.24765625 0.04140625 0.01875
6 0.55 0.29609375 0.04140625 0.01875
1 0.63046875 0.265625 0.06640625 0.025
6 0.78515625 0.140625 0.02265625 0.03984375
6 0.87734375 0.16640625 0.04765625 0.01875
6 0.87734375 0.19375 0.04375 0.01875
1 0.88125 0.26328125 0.02734375 0.05234375
0 0.746875 0.21953125 0.12265625 0.12109375
0 0.628125 0.30703125 0.08984375 0.04765625
6 0.709375 0.29921875 0.04375 0.01875
6 0.82265625 0.48984375 0.06015625 0.03984375
2 0.72890625 0.53203125 0.0875 0.10625
0 0.82578125 0.56484375 0.06015625 0.075
0 0.92265625 0.5625 0.05859375 0.07890625
6 0.79296875 0.63125 0.04375 0.01875
6 0.79296875 0.65546875 0.04765625 0.01640625
6 0.79140625 0.67890625 0.04375 0.01640625
6 0.79140625 0.70078125 0.04375 0.01875
6 0.79140625 0.725 0.04375 0.01640625
3 0.90859375 0.753125 0.12734375 0.25
6 0.659375 0.67109375 0.03125 0.03515625
6 0.54296875 0.68671875 0.02265625 0.03515625
6 0.571875 0.6875 0.025 0.03515625
6 0.60234375 0.68828125 0.025 0.03515625
7 0.621875 0.74765625 0.07265625 0.0625
2 0.62578125 0.79609375 0.04765625 0.02734375
2 0.46796875 0.66875 0.02265625 0.03515625
2 0.428125 0.65078125 0.04140625 0.01875
6 0.13828125 0.75 0.04609375 0.01875
2 0.29609375 0.684375 0.12109375 0.0625
0 0.06640625 0.64921875 0.0875 0.08359375
0 0.24296875 0.58203125 0.05 0.04375
2 0.30703125 0.553125 0.01875 0.0375
2 0.27890625 0.53515625 0.02265625 0.0375
2 0.08515625 0.50546875 0.125 0.06015625
2 0.27109375 0.42890625 0.07734375 0.09765625
0 0.08359375 0.42734375 0.07109375 0.07890625
2 0.028125 0.41953125 0.025 0.03359375
2 0.26953125 0.30859375 0.07265625 0.09765625
0 0.16484375 0.28671875 0.12265625 0.13359375
2 0.053125 0.26171875 0.07890625 0.10390625
2 0.125 0.20390625 0.04375 0.02109375
2 0.428125 0.30703125 0.125 0.05859375
0 0.496875 0.496875 0.34765625 0.28125
2 0.17890625 0.85703125 0.12734375 0.0625