2 0.2921875 0.01640625 0.13125 0.0328125
6 0.27265625 0.1109375 0.05 0.0296875
1 0.33828125 0.15078125 0.075 0.04375
2 0.4125 0.20859375 0.0328125 0.0390625
6 0.53984375 0.25234375 0.03125 0.0390625
6 0.609375 0.2671875 0.0453125 0.028125
6 0.59765625 0.3140625 0.0453125 0.028125
1 0.68359375 0.30390625 0.0703125 0.040625
6 0.86328125 0.2203125 0.03125 0.04375
6 0.946875 0.26796875 0.05 0.0296875
6 0.93984375 0.29375 0.046875 0.028125
1 0.92734375 0.3625 0.0390625 0.0578125
0 0.80703125 0.2875 0.1484375 0.146875
0 0.67109375 0.34375 0.0984375 0.06875
6 0.7515625 0.35546875 0.046875 0.028125
6 0.815625 0.56796875 0.06875 0.053125
2 0.7140625 0.58671875 0.1109375 0.125
0 0.80078125 0.64140625 0.0765625 0.0875
0 0.8953125 0.66328125 0.0765625 0.090625
6 0.75234375 0.6984375 0.046875 0.028125
6 0.746875 0.721875 0.05 0.028125
6 0.73984375 0.74375 0.046875 0.0265625
6 0.734375 0.765625 0.046875 0.028125
6 0.728125 0.7890625 0.046875 0.0265625
3 0.83515625 0.84453125 0.184375 0.2734375
6 0.61328125 0.7046875 0.0390625 0.0421875
6 0.496875 0.69140625 0.03125 0.0390625
6 0.52421875 0.69921875 0.0328125 0.040625
6 0.55390625 0.7078125 0.0328125 0.040625
7 0.55859375 0.76953125 0.0859375 0.078125
2 0.55078125 0.81796875 0.053125 0.0375
2 0.428125 0.65625 0.03125 0.0390625
2 0.39375 0.62890625 0.0453125 0.028125
6 0.08828125 0.6546875 0.05 0.0296875
2 0.2578125 0.6296875 0.1328125 0.090625
0 0.04765625 0.53984375 0.0953125 0.1015625
0 0.23046875 0.5171875 0.059375 0.0546875
2 0.3 0.5046875 0.0265625 0.040625
2 0.27734375 0.48046875 0.03125 0.0421875
2 0.09609375 0.4046875 0.1359375 0.0890625
2 0.2953125 0.37578125 0.0984375 0.1140625
0 0.11328125 0.32890625 0.0875 0.09375
2 0.06171875 0.3078125 0.0328125 0.0390625
2 0.32265625 0.25859375 0.09375 0.1125
0 0.2265625 0.21171875 0.1515625 0.159375
2 0.12421875 0.1609375 0.1015625 0.1203125
2 0.2078125 0.121875 0.046875 0.03125
2 0.4765625 0.2953125 0.1359375 0.0875
0 0.49765625 0.49609375 0.4046875 0.35625
2 0.10234375 0.76875 0.1390625 0.0921875