3 0.21640625 0.15234375 0.1125 0.14609375
3 0.36953125 0.15078125 0.1125 0.15
3 0.525 0.15234375 0.10859375 0.14765625
3 0.67578125 0.153125 0.10859375 0.14609375
3 0.77109375 0.51875 0.03984375 0.08125
2 0.77265625 0.58515625 0.02734375 0.02890625
3 0.72265625 0.76171875 0.11015625 0.05859375
3 0.5875 0.7625 0.13984375 0.05234375
6 0.30859375 0.91953125 0.01484375 0.0125
6 0.30859375 0.909375 0.01484375 0.01015625
6 0.30859375 0.89921875 0.01484375 0.0125
6 0.26015625 0.91953125 0.01484375 0.0125
6 0.26015625 0.909375 0.01484375 0.00859375
6 0.26171875 0.89921875 0.01484375 0.0125
6 0.21484375 0.91953125 0.01484375 0.0125
6 0.21484375 0.909375 0.01484375 0.01015625
6 0.21484375 0.89921875 0.01484375 0.01015625
6 0.16796875 0.91953125 0.01484375 0.01015625
6 0.16796875 0.91015625 0.0125 0.01015625
6 0.16796875 0.89921875 0.01484375 0.01015625
6 0.33125 0.78203125 0.00859375 0.01875
6 0.325 0.78203125 0.00859375 0.01875
6 0.31796875 0.78203125 0.00859375 0.02109375
6 0.30234375 0.78203125 0.00859375 0.02109375
6 0.29453125 0.78125 0.00625 0.02109375
6 0.28828125 0.78203125 0.00625 0.02109375
6 0.28125 0.78203125 0.00859375 0.02109375
6 0.221875 0.7625 0.01015625 0.02734375
6 0.221875 0.690625 0.01015625 0.02734375
6 0.23515625 0.73203125 0.01484375 0.0125
6 0.23515625 0.721875 0.0125 0.00859375
6 0.28984375 0.64921875 0.0125 0.01015625
6 0.30234375 0.65 0.01484375 0.01015625
6 0.31875 0.65 0.01484375 0.01015625
6 0.33203125 0.65 0.01484375 0.01015625
6 0.32890625 0.665625 0.00859375 0.02109375
6 0.29296875 0.665625 0.00859375 0.01875
6 0.43046875 0.67578125 0.0125 0.02890625
6 0.434375 0.759375 0.01640625 0.0125
6 0.30234375 0.55 0.00859375 0.02109375
6 0.29453125 0.55 0.00625 0.02109375
6 0.28828125 0.55078125 0.00859375 0.02109375
6 0.34765625 0.53125 0.01484375 0.0125
6 0.13359375 0.28984375 0.01484375 0.0125
6 0.18046875 0.23984375 0.01484375 0.01015625
6 0.18046875 0.25078125 0.01484375 0.01015625
6 0.234375 0.26015625 0.00859375 0.01875
6 0.24140625 0.26171875 0.00859375 0.02265625
6 0.22109375 0.31015625 0.00859375 0.02109375
6 0.240625 0.33125 0.00625 0.02109375
6 0.240625 0.36171875 0.00859375 0.02265625
6 0.334375 0.290625 0.00859375 0.02109375
6 0.334375 0.36171875 0.00859375 0.02109375
6 0.34140625 0.36171875 0.00625 0.02109375
6 0.39296875 0.390625 0.00859375 0.02109375
6 0.4 0.39140625 0.00859375 0.02109375
6 0.40625 0.39140625 0.00625 0.02109375
6 0.41953125 0.39140625 0.00859375 0.02109375
6 0.43046875 0.37734375 0.0125 0.01015625
6 0.428125 0.36640625 0.0125 0.0125
1 0.10703125 0.80625 0.00859375 0.02734375
1 0.146875 0.85078125 0.01484375 0.00859375
1 0.19453125 0.85 0.01640625 0.01015625
1 0.24140625 0.85 0.01640625 0.01015625
1 0.28828125 0.85 0.01640625 0.01015625
1 0.146875 0.91015625 0.01875 0.03125
1 0.19453125 0.909375 0.01875 0.03125
1 0.24140625 0.90859375 0.01640625 0.03359375
1 0.28828125 0.909375 0.01640625 0.02890625
1 0.10625 0.390625 0.01640625 0.0125
1 0.10625 0.36015625 0.01640625 0.01015625
1 0.125 0.17890625 0.01640625 0.0125
3 0.09609375 0.29921875 0.04765625 0.0875
3 0.16875 0.51171875 0.18515625 0.17734375
3 0.13203125 0.7375 0.10625 0.09765625
3 0.70703125 0.30390625 0.14140625 0.05234375
3 0.54140625 0.30546875 0.17734375 0.05234375
2 0.13359375 0.25 0.0125 0.02734375
2 0.13203125 0.26953125 0.01484375 0.01015625
2 0.13359375 0.28046875 0.0125 0.00859375
2 0.13359375 0.32109375 0.00859375 0.00625
2 0.13359375 0.33046875 0.01484375 0.01015625
2 0.12890625 0.35546875 0.01015625 0.02734375
2 0.17421875 0.37109375 0.00859375 0.01015625
2 0.26796875 0.778125 0.0125 0.02890625
2 0.26796875 0.74765625 0.01015625 0.02890625
2 0.26796875 0.70703125 0.01015625 0.02734375
2 0.24609375 0.72578125 0.00625 0.02109375
2 0.25546875 0.73125 0.0125 0.0125
2 0.27890625 0.759375 0.00859375 0.02109375
2 0.27890625 0.68984375 0.00859375 0.02265625
2 0.26796875 0.678125 0.01015625 0.02890625
2 0.275 0.5 0.00859375 0.00390625
2 0.27421875 0.51015625 0.00625 0.00625
2 0.275 0.52109375 0.00625 0.00390625
2 0.275 0.53046875 0.01484375 0.0125
2 0.31171875 0.56640625 0.00390625 0.0125
2 0.33125 0.54609375 0.00390625 0.0125
2 0.34609375 0.54921875 0.01875 0.01484375
2 0.32421875 0.56875 0.01484375 0.0125
2 0.36640625 0.30234375 0.02109375 0.04140625
2 0.37421875 0.34375 0.01640625 0.01640625
2 0.36796875 0.36171875 0.01875 0.01640625
2 0.43046875 0.396875 0.0125 0.01015625
2 0.42890625 0.38671875 0.01484375 0.0125
2 0.43046875 0.34375 0.01015625 0.02890625
2 0.328125 0.45625 0.00390625 0.01015625
2 0.34375 0.45703125 0.02109375 0.01640625
2 0.346875 0.678125 0.01015625 0.03125
2 0.34453125 0.71328125 0.00859375 0.02265625
2 0.34453125 0.73984375 0.00859375 0.02109375
2 0.33828125 0.78203125 0.00625 0.01875
2 0.34765625 0.77421875 0.01015625 0.02890625
2 0.40546875 0.759375 0.01015625 0.02734375
2 0.41796875 0.75859375 0.01015625 0.03125
2 0.43046875 0.71484375 0.01875 0.03984375
6 0.56015625 0.734375 0.01015625 0.02265625
2 0.28515625 0.66484375 0.00625 0.02109375
2 0.30234375 0.66796875 0.00625 0.02109375
2 0.315625 0.66796875 0.00859375 0.02109375
2 0.33515625 0.66484375 0.00625 0.02109375
0 0.30703125 0.5 0.04609375 0.06640625
0 0.18046875 0.309375 0.06640625 0.09609375
0 0.2875 0.30859375 0.075 0.11015625
0 0.4 0.35390625 0.02890625 0.04609375
0 0.69296875 0.53984375 0.06640625 0.14140625
0 0.31015625 0.72421875 0.05234375 0.075
0 0.53125 0.54140625 0.14765625 0.21484375
3 0.11328125 0.64453125 0.01640625 0.05390625
3 0.44921875 0.165625 0.01640625 0.15234375
2 0.275 0.55078125 0.01640625 0.01640625
3 0.77578125 0.21171875 0.03515625 0.0375
3 0.77421875 0.40234375 0.03515625 0.025
3 0.13046875 0.64609375 0.01875 0.06015625