6 0.115625 0.096875 0.00859375 0.02109375
6 0.12578125 0.096875 0.00625 0.01875
6 0.16875 0.103125 0.00625 0.01640625
6 0.18046875 0.10234375 0.00859375 0.01875
6 0.19140625 0.103125 0.00625 0.01640625
6 0.20234375 0.103125 0.00625 0.01640625
6 0.21328125 0.103125 0.00625 0.01875
6 0.22578125 0.103125 0.00859375 0.01875
6 0.2375 0.103125 0.00625 0.01875
6 0.24765625 0.103125 0.00859375 0.01875
6 0.09453125 0.15703125 0.00859375 0.01875
6 0.10390625 0.15703125 0.00859375 0.01875
6 0.1125 0.15703125 0.00859375 0.01875
6 0.06328125 0.2125 0.00859375 0.01875
6 0.075 0.21328125 0.00625 0.01875
6 0.0875 0.2125 0.00859375 0.01875
6 0.09765625 0.2125 0.00859375 0.01875
6 0.109375 0.2125 0.00859375 0.01875
6 0.12109375 0.21328125 0.00859375 0.01875
6 0.13125 0.21328125 0.00625 0.01875
6 0.14296875 0.21328125 0.00625 0.01875
6 0.15390625 0.21328125 0.00625 0.01875
6 0.16484375 0.21328125 0.00859375 0.01875
6 0.17578125 0.21328125 0.00625 0.01875
6 0.1875 0.21328125 0.00859375 0.01875
6 0.19921875 0.21484375 0.00625 0.01875
6 0.209375 0.21328125 0.00625 0.01875
6 0.22109375 0.21328125 0.00625 0.01875
6 0.23203125 0.21484375 0.00625 0.01875
6 0.25625 0.21484375 0.00859375 0.01640625
6 0.278125 0.21484375 0.00859375 0.01875
6 0.265625 0.21328125 0.00859375 0.01875
6 0.28828125 0.21484375 0.00859375 0.01875
6 0.30078125 0.21484375 0.00859375 0.01875
6 0.31171875 0.21484375 0.00859375 0.01875
6 0.32265625 0.21484375 0.00859375 0.01875
6 0.334375 0.21484375 0.00859375 0.01875
6 0.34609375 0.21484375 0.00859375 0.01875
6 0.35625 0.21484375 0.00859375 0.01875
6 0.36796875 0.21484375 0.00859375 0.01640625
6 0.38046875 0.21484375 0.00859375 0.01875
6 0.390625 0.21484375 0.00859375 0.01875
6 0.41328125 0.215625 0.00859375 0.01875
6 0.425 0.215625 0.00859375 0.01875
6 0.38828125 0.18046875 0.00859375 0.01875
6 0.39765625 0.18046875 0.00859375 0.01875
6 0.43359375 0.18203125 0.00859375 0.01875
6 0.44296875 0.18125 0.00859375 0.01875
6 0.38828125 0.10546875 0.00859375 0.01875
6 0.39921875 0.10390625 0.00859375 0.01875
6 0.43359375 0.10546875 0.00859375 0.01875
6 0.44453125 0.10546875 0.00625 0.01875
6 0.47265625 0.04296875 0.00625 0.02109375
6 0.471875 0.07578125 0.00859375 0.01875
6 0.471875 0.109375 0.00859375 0.01875
6 0.471875 0.14375 0.00859375 0.01875
6 0.446875 0.27734375 0.00859375 0.01875
6 0.46953125 0.27734375 0.00859375 0.01875
0 0.52265625 0.05390625 0.01875 0.03125
0 0.70546875 0.07265625 0.03515625 0.05
6 0.59140625 0.18203125 0.00859375 0.01875
6 0.60234375 0.18203125 0.00859375 0.01875
6 0.63671875 0.18359375 0.00859375 0.01640625
6 0.646875 0.18359375 0.00859375 0.01640625
6 0.59296875 0.10703125 0.00859375 0.01640625
6 0.60234375 0.10703125 0.00859375 0.01640625
6 0.6375 0.10859375 0.00859375 0.01875
6 0.646875 0.10859375 0.00859375 0.01875
6 0.77421875 0.10625 0.00859375 0.01875
6 0.78515625 0.10625 0.00859375 0.01875
6 0.796875 0.10703125 0.00859375 0.01875
6 0.80859375 0.10703125 0.00859375 0.01875
6 0.82109375 0.10703125 0.00859375 0.01875
6 0.83125 0.10703125 0.00859375 0.01875
6 0.84296875 0.10703125 0.00859375 0.01875
6 0.85390625 0.10703125 0.00859375 0.01875
6 0.90078125 0.13046875 0.01484375 0.00859375
6 0.90078125 0.14140625 0.01484375 0.01015625
6 0.884375 0.13515625 0.00859375 0.01875
6 0.92734375 0.16953125 0.01640625 0.01015625
6 0.928125 0.18046875 0.01640625 0.01015625
2 0.928125 0.19140625 0.02109375 0.01015625
2 0.88359375 0.18515625 0.01015625 0.00625
0 0.85625 0.196875 0.03359375 0.03515625
7 0.95546875 0.18125 0.02890625 0.03515625
6 0.82890625 0.18515625 0.01484375 0.01015625
6 0.82890625 0.20703125 0.01484375 0.01015625
2 0.36328125 0.3375 0.00859375 0.02734375
2 0.39921875 0.3375 0.00859375 0.02734375
2 0.38125 0.33125 0.01484375 0.01015625
2 0.38125 0.34375 0.01484375 0.01015625
2 0.38125 0.35390625 0.01484375 0.01015625
2 0.38125 0.365625 0.01484375 0.01015625
2 0.38125 0.37734375 0.01015625 0.00625
2 0.38125 0.38828125 0.01015625 0.00859375
2 0.85703125 0.2375 0.00625 0.0125
2 0.88984375 0.22734375 0.00390625 0.0125
3 0.978125 0.265625 0.03125 0.09609375
6 0.8375 0.34140625 0.01484375 0.01015625
6 0.8375 0.353125 0.01484375 0.01015625
6 0.8375 0.36328125 0.01484375 0.01015625
6 0.8375 0.375 0.01484375 0.01015625
6 0.83671875 0.38671875 0.01484375 0.00859375
6 0.890625 0.353125 0.01484375 0.01015625
6 0.890625 0.36484375 0.01484375 0.01015625
6 0.890625 0.375 0.01484375 0.01015625
6 0.890625 0.3875 0.01484375 0.01015625
2 0.82578125 0.26171875 0.01015625 0.00625
2 0.82578125 0.28828125 0.01015625 0.00625
2 0.88515625 0.28984375 0.01015625 0.00625
2 0.82265625 0.31171875 0.00625 0.0125
2 0.871875 0.3125 0.00625 0.0125
6 0.95390625 0.34296875 0.01484375 0.01015625
6 0.953125 0.37578125 0.01484375 0.01015625
0 0.86484375 0.36484375 0.03125 0.04609375
6 0.88515625 0.309375 0.00859375 0.02109375
2 0.07578125 0.39140625 0.01015625 0.00859375
2 0.11953125 0.425 0.00859375 0.02734375
2 0.13359375 0.42421875 0.00625 0.0125
2 0.14140625 0.42421875 0.00625 0.0125
2 0.15 0.425 0.00625 0.0125
2 0.159375 0.425 0.00390625 0.0125
2 0.16875 0.425 0.00390625 0.0125
2 0.17734375 0.425 0.00390625 0.0125
2 0.18671875 0.425 0.00390625 0.0125
2 0.19453125 0.425 0.00625 0.0125
6 0.05703125 0.446875 0.01484375 0.01015625
6 0.07890625 0.44609375 0.01484375 0.01015625
6 0.146875 0.44453125 0.01484375 0.01015625
2 0.24765625 0.45390625 0.00859375 0.02734375
2 0.259375 0.453125 0.00859375 0.01640625
2 0.26953125 0.453125 0.00859375 0.01875
2 0.27890625 0.453125 0.00625 0.01484375
2 0.2875 0.453125 0.00625 0.01484375
2 0.296875 0.453125 0.00625 0.01484375
6 0.246875 0.41875 0.01484375 0.01640625
6 0.253125 0.41015625 0.01484375 0.01640625
2 0.29453125 0.41875 0.01484375 0.01875
2 0.30234375 0.42890625 0.01484375 0.01875
2 0.28515625 0.40859375 0.02265625 0.02734375
2 0.271875 0.38984375 0.04375 0.05390625
6 0.47265625 0.37421875 0.01484375 0.01640625
6 0.503125 0.4125 0.01484375 0.01640625
2 0.48984375 0.39375 0.02890625 0.03359375
2 0.478125 0.40703125 0.02109375 0.025
2 0.46953125 0.41875 0.02109375 0.02734375
2 0.46171875 0.428125 0.0125 0.01640625
2 0.45390625 0.4375 0.01484375 0.01875
2 0.446875 0.44609375 0.01484375 0.01875
6 0.7 0.43125 0.01484375 0.01015625
6 0.79140625 0.41953125 0.01484375 0.01015625
2 0.80625 0.453125 0.01015625 0.00859375
6 0.06953125 0.55 0.01484375 0.01015625
6 0.0875 0.54609375 0.00859375 0.01875
6 0.10546875 0.52421875 0.00859375 0.02109375
6 0.11484375 0.52421875 0.00859375 0.02109375
2 0.12265625 0.52421875 0.00859375 0.02109375
2 0.13203125 0.52421875 0.00390625 0.0125
6 0.17890625 0.51328125 0.00859375 0.01875
6 0.20546875 0.49765625 0.01484375 0.00859375
2 0.246875 0.603125 0.00859375 0.02734375
2 0.25859375 0.603125 0.00859375 0.01875
2 0.26875 0.603125 0.00859375 0.01875
2 0.278125 0.603125 0.00625 0.0125
2 0.28671875 0.603125 0.00625 0.0125
2 0.29609375 0.60390625 0.00625 0.0125
2 0.378125 0.48046875 0.01015625 0.0125
2 0.36875 0.49296875 0.01015625 0.0125
2 0.35390625 0.51171875 0.01015625 0.0125
2 0.378125 0.55625 0.01015625 0.0125
2 0.38828125 0.55625 0.01015625 0.0125
2 0.37890625 0.50546875 0.00859375 0.0125
2 0.38046875 0.52109375 0.00625 0.0125
2 0.403125 0.51796875 0.01015625 0.0125
2 0.40234375 0.53046875 0.01015625 0.0125
2 0.40703125 0.54140625 0.01015625 0.0125
2 0.3875 0.53671875 0.01015625 0.0125
2 0.39140625 0.54140625 0.01015625 0.0125
2 0.17578125 0.48984375 0.01015625 0.00625
2 0.47421875 0.48984375 0.00859375 0.01640625
2 0.50078125 0.51796875 0.00859375 0.01875
2 0.509375 0.51796875 0.00859375 0.01875
2 0.51875 0.51796875 0.00859375 0.01875
2 0.51875 0.53984375 0.00859375 0.01875
2 0.509375 0.53828125 0.00859375 0.01875
2 0.50078125 0.53984375 0.00859375 0.01875
2 0.47421875 0.5625 0.00859375 0.01875
2 0.47421875 0.59375 0.00859375 0.01875
6 0.4875 0.484375 0.01484375 0.01015625
6 0.4875 0.49609375 0.01484375 0.01015625
6 0.4875 0.55703125 0.01484375 0.00859375
6 0.4875 0.56796875 0.01484375 0.00859375
6 0.4875 0.58828125 0.01640625 0.00859375
6 0.4875 0.59921875 0.01640625 0.00859375
2 0.53671875 0.5125 0.02109375 0.0125
2 0.53671875 0.528125 0.02109375 0.0125
2 0.53671875 0.54453125 0.02109375 0.0125
2 0.56875 0.51796875 0.03515625 0.03359375
2 0.56328125 0.54609375 0.025 0.01875
2 0.48359375 0.51640625 0.00625 0.0125
2 0.49140625 0.51640625 0.00625 0.0125
2 0.48359375 0.53984375 0.00625 0.0125
2 0.490625 0.53984375 0.00625 0.0125
2 0.57890625 0.63359375 0.00859375 0.01875
2 0.59765625 0.634375 0.00859375 0.01875
6 0.65625 0.6375 0.00859375 0.01875
6 0.66484375 0.6375 0.00859375 0.01875
6 0.67421875 0.6375 0.00859375 0.01875
6 0.6875 0.6375 0.00859375 0.01875
6 0.69609375 0.6375 0.00859375 0.01875
6 0.70546875 0.6375 0.00859375 0.01875
6 0.71328125 0.6375 0.00859375 0.01875
6 0.80546875 0.46484375 0.01484375 0.01015625
6 0.80546875 0.509375 0.01484375 0.00859375
6 0.80546875 0.53125 0.01484375 0.00859375
2 0.80546875 0.475 0.00859375 0.00625
2 0.80546875 0.51953125 0.00859375 0.00625
2 0.80546875 0.54296875 0.00859375 0.00625
6 0.790625 0.57578125 0.01484375 0.01015625
6 0.79609375 0.63125 0.00859375 0.01875
6 0.78515625 0.63125 0.00859375 0.01875
2 0.80390625 0.63203125 0.00625 0.01875
2 0.80390625 0.65390625 0.00859375 0.01875
6 0.84375 0.61171875 0.01484375 0.01015625
6 0.86796875 0.615625 0.00859375 0.01875
6 0.88125 0.621875 0.01484375 0.00859375
0 0.82734375 0.64296875 0.025 0.02734375
6 0.86640625 0.66015625 0.04375 0.02734375
2 0.946875 0.734375 0.02734375 0.01875
6 0.946875 0.75625 0.01484375 0.01015625
0 0.06171875 0.634375 0.0375 0.05234375
2 0.09140625 0.634375 0.00625 0.0125
2 0.11640625 0.62421875 0.00625 0.01640625
2 0.128125 0.62421875 0.00625 0.01640625
2 0.13828125 0.625 0.00390625 0.0125
2 0.14765625 0.625 0.00625 0.01484375
2 0.15703125 0.625 0.00625 0.01484375
2 0.165625 0.625 0.00625 0.01484375
2 0.175 0.625 0.00625 0.01484375
2 0.18359375 0.625 0.00625 0.01484375
2 0.19296875 0.625 0.00625 0.01484375
2 0.20078125 0.625 0.00625 0.01484375
2 0.36171875 0.715625 0.00859375 0.02734375
2 0.396875 0.71640625 0.00859375 0.02734375
2 0.38046875 0.65546875 0.01015625 0.00859375
2 0.38046875 0.665625 0.01015625 0.00859375
2 0.38046875 0.67734375 0.01015625 0.00859375
2 0.37890625 0.68828125 0.01484375 0.00859375
2 0.37890625 0.7 0.01484375 0.00859375
2 0.37890625 0.71015625 0.01484375 0.00859375
2 0.37890625 0.721875 0.01484375 0.00859375
2 0.45078125 0.61796875 0.0125 0.01875
2 0.459375 0.62734375 0.01640625 0.01875
2 0.46796875 0.6375 0.02265625 0.02734375
2 0.478125 0.65 0.02734375 0.03359375
2 0.48203125 0.684375 0.01484375 0.00859375
6 0.478125 0.7 0.00859375 0.01875
6 0.48671875 0.70078125 0.00859375 0.01875
0 0.58359375 0.74140625 0.05859375 0.06015625
6 0.61953125 0.75390625 0.00859375 0.02265625
6 0.665625 0.67265625 0.00859375 0.01875
6 0.68671875 0.67890625 0.01484375 0.00859375
6 0.68125 0.79140625 0.01484375 0.01015625
2 0.68046875 0.803125 0.01484375 0.00859375
2 0.24140625 0.72578125 0.025 0.01875
6 0.2875 0.72734375 0.00625 0.01875
6 0.29609375 0.72578125 0.00625 0.01875
2 0.29140625 0.71171875 0.01015625 0.00625
6 0.08046875 0.72421875 0.00859375 0.01875
6 0.08828125 0.72421875 0.00859375 0.01875
6 0.12421875 0.72421875 0.00625 0.01875
6 0.13359375 0.72421875 0.00625 0.01875
6 0.17109375 0.725 0.00625 0.01875
6 0.17890625 0.725 0.00859375 0.01875
6 0.05703125 0.80390625 0.01484375 0.00859375
6 0.05703125 0.81640625 0.01484375 0.01015625
6 0.053125 0.83203125 0.00859375 0.01875
6 0.06171875 0.83203125 0.00859375 0.01875
2 0.05703125 0.84921875 0.01484375 0.00859375
6 0.08359375 0.80390625 0.01484375 0.00859375
6 0.08203125 0.81640625 0.01484375 0.01015625
6 0.078125 0.83203125 0.00859375 0.01875
6 0.0875 0.83203125 0.00859375 0.01875
2 0.08359375 0.84921875 0.01640625 0.01015625
6 0.10859375 0.80390625 0.01484375 0.00859375
6 0.10859375 0.81640625 0.01484375 0.01015625
6 0.10390625 0.83359375 0.00859375 0.01875
6 0.1125 0.83359375 0.00859375 0.01875
2 0.10859375 0.85 0.01640625 0.01015625
2 0.13515625 0.85 0.01640625 0.01015625
6 0.13046875 0.83359375 0.00625 0.01875
6 0.13984375 0.83359375 0.00625 0.01875
6 0.134375 0.81796875 0.01484375 0.01015625
6 0.13515625 0.80390625 0.01484375 0.00859375
6 0.16171875 0.80546875 0.01484375 0.00859375
6 0.16171875 0.81796875 0.01484375 0.01015625
6 0.15703125 0.834375 0.00625 0.01875
6 0.165625 0.834375 0.00625 0.01875
2 0.16171875 0.85078125 0.01640625 0.01015625
6 0.184375 0.80546875 0.01640625 0.00859375
6 0.184375 0.81796875 0.01484375 0.01015625
6 0.18984375 0.834375 0.00625 0.01875
6 0.18046875 0.834375 0.00859375 0.01875
2 0.184375 0.85078125 0.01640625 0.01015625
6 0.10703125 0.90078125 0.00859375 0.01875
6 0.11796875 0.90078125 0.00859375 0.01875
6 0.13984375 0.90078125 0.00625 0.01875
6 0.15234375 0.90234375 0.00625 0.01875
6 0.21875 0.90234375 0.00859375 0.01875
6 0.23203125 0.903125 0.00625 0.01875
6 0.29921875 0.90390625 0.00859375 0.01875
6 0.31171875 0.90390625 0.00859375 0.01875
6 0.37890625 0.89375 0.00859375 0.01875
6 0.45 0.89609375 0.00859375 0.01875
6 0.52109375 0.89609375 0.00859375 0.01875
6 0.59296875 0.896875 0.00859375 0.01875
0 0.24140625 0.825 0.02890625 0.03515625
2 0.26328125 0.83203125 0.00625 0.0125
2 0.31328125 0.821875 0.01484375 0.03359375
2 0.34453125 0.821875 0.01484375 0.03359375
2 0.35625 0.82109375 0.00859375 0.01875
2 0.365625 0.821875 0.00859375 0.01875
6 0.46796875 0.796875 0.00859375 0.01875
6 0.47734375 0.79765625 0.00859375 0.01875
2 0.48515625 0.796875 0.00859375 0.01875
2 0.48515625 0.81953125 0.00859375 0.01875
2 0.67265625 0.88671875 0.00859375 0.01875
2 0.79765625 0.88828125 0.00859375 0.01875
6 0.70859375 0.86328125 0.01640625 0.01015625
6 0.771875 0.86328125 0.01640625 0.01015625
6 0.834375 0.86484375 0.01640625 0.01015625
6 0.896875 0.86484375 0.01640625 0.01015625
6 0.95546875 0.85703125 0.01640625 0.01015625
6 0.690625 0.8875 0.00859375 0.02109375
6 0.7 0.8875 0.00859375 0.02109375
6 0.69921875 0.91953125 0.00859375 0.01875
6 0.690625 0.91953125 0.00859375 0.01875
6 0.68984375 0.95390625 0.00859375 0.01875
6 0.69765625 0.953125 0.00859375 0.01875
0 0.72734375 0.8875 0.025 0.02734375
0 0.72578125 0.91953125 0.025 0.02734375
0 0.72578125 0.95390625 0.025 0.02734375
0 0.85234375 0.88828125 0.025 0.02734375
0 0.85234375 0.921875 0.025 0.02734375
0 0.85078125 0.95546875 0.025 0.02734375
6 0.753125 0.8875 0.00859375 0.02109375
6 0.7625 0.8875 0.00859375 0.02109375
6 0.7625 0.92109375 0.00859375 0.02109375
6 0.753125 0.92109375 0.00859375 0.02109375
6 0.753125 0.95546875 0.00859375 0.02109375
6 0.76171875 0.95546875 0.00859375 0.02109375
6 0.815625 0.88828125 0.00625 0.01875
6 0.825 0.88828125 0.00859375 0.01875
6 0.815625 0.921875 0.00859375 0.01875
6 0.825 0.921875 0.00859375 0.01875
6 0.815625 0.95546875 0.00859375 0.02109375
6 0.825 0.95546875 0.00859375 0.02109375
6 0.87890625 0.88828125 0.00859375 0.01875
6 0.8875 0.88984375 0.00859375 0.02109375
6 0.875 0.92265625 0.00859375 0.01875
6 0.88359375 0.92265625 0.00859375 0.01875
6 0.87421875 0.95625 0.00859375 0.02109375
6 0.884375 0.95625 0.00859375 0.02109375
7 0.95 0.82890625 0.02890625 0.03515625
6 0.928125 0.82421875 0.00859375 0.01875
0 0.50859375 0.80078125 0.02734375 0.02890625
6 0.834375 0.790625 0.00859375 0.01875
6 0.84375 0.81640625 0.00859375 0.01875
6 0.85234375 0.815625 0.00859375 0.01875