3 0.29453125 0.10078125 0.140625 0.165625
3 0.4453125 0.13125 0.140625 0.1703125
3 0.596875 0.16484375 0.1375 0.1671875
3 0.74375 0.196875 0.1359375 0.165625
3 0.7609375 0.575 0.05625 0.0875
2 0.74921875 0.63984375 0.0328125 0.034375
3 0.66328125 0.80234375 0.1203125 0.0796875
3 0.53125 0.775 0.1484375 0.0796875
6 0.22578125 0.8703125 0.0171875 0.015625
6 0.22734375 0.8609375 0.0171875 0.0125
6 0.2296875 0.85078125 0.0171875 0.015625
6 0.178125 0.86015625 0.0171875 0.015625
6 0.18046875 0.85078125 0.015625 0.0109375
6 0.18359375 0.840625 0.0171875 0.015625
6 0.13359375 0.85078125 0.0171875 0.015625
6 0.1359375 0.84140625 0.0171875 0.0125
6 0.13828125 0.83125 0.0171875 0.0125
6 0.08828125 0.84140625 0.0171875 0.0125
6 0.08984375 0.83203125 0.0140625 0.0125
6 0.0921875 0.82109375 0.0171875 0.0125
6 0.2765625 0.740625 0.0125 0.0203125
6 0.2703125 0.73984375 0.0125 0.0203125
6 0.26328125 0.73828125 0.0125 0.021875
6 0.24765625 0.73515625 0.0125 0.021875
6 0.240625 0.73203125 0.0109375 0.021875
6 0.234375 0.73203125 0.0109375 0.021875
6 0.22734375 0.73046875 0.0125 0.021875
6 0.1734375 0.69921875 0.015625 0.028125
6 0.18828125 0.62890625 0.015625 0.028125
6 0.19296875 0.671875 0.0171875 0.015625
6 0.19453125 0.66171875 0.0140625 0.0109375
6 0.26328125 0.60234375 0.0140625 0.0125
6 0.27578125 0.60546875 0.0171875 0.0125
6 0.29140625 0.609375 0.0171875 0.0125
6 0.3046875 0.61171875 0.0171875 0.0125
6 0.2984375 0.6265625 0.0125 0.021875
6 0.26328125 0.61875 0.0125 0.0203125
6 0.3953125 0.6578125 0.01875 0.03125
6 0.38203125 0.73984375 0.01875 0.015625
6 0.29609375 0.5078125 0.0125 0.021875
6 0.28828125 0.50625 0.0109375 0.021875
6 0.28203125 0.50546875 0.0125 0.021875
6 0.34453125 0.49921875 0.0171875 0.015625
6 0.18515625 0.21796875 0.0171875 0.015625
6 0.24140625 0.17890625 0.0171875 0.0125
6 0.2390625 0.18984375 0.0171875 0.0125
6 0.28984375 0.21015625 0.0125 0.0203125
6 0.296875 0.21328125 0.0125 0.0234375
6 0.26640625 0.25625 0.0125 0.021875
6 0.28125 0.28125 0.0109375 0.021875
6 0.275 0.3109375 0.0125 0.0234375
6 0.38125 0.2609375 0.0125 0.021875
6 0.36640625 0.33046875 0.0125 0.021875
6 0.3734375 0.33203125 0.0109375 0.021875
6 0.41796875 0.37109375 0.0125 0.021875
6 0.425 0.37265625 0.0125 0.021875
6 0.43125 0.37421875 0.0109375 0.021875
6 0.44375 0.37734375 0.0125 0.021875
6 0.4578125 0.365625 0.0140625 0.0125
6 0.4578125 0.3546875 0.0140625 0.0140625
1 0.0515625 0.71796875 0.0140625 0.028125
1 0.08203125 0.76953125 0.015625 0.0109375
1 0.128125 0.77890625 0.01875 0.0140625
1 0.17421875 0.78828125 0.01875 0.0140625
1 0.2203125 0.7984375 0.01875 0.0140625
1 0.06953125 0.828125 0.025 0.034375
1 0.11640625 0.83671875 0.025 0.034375
1 0.16171875 0.84609375 0.0234375 0.0359375
1 0.2078125 0.85625 0.021875 0.03125
1 0.1375 0.3109375 0.01875 0.015625
1 0.14375 0.28125 0.01875 0.0140625
1 0.2 0.1078125 0.01875 0.015625
3 0.146875 0.21953125 0.0640625 0.0953125
3 0.1734375 0.44296875 0.21875 0.2125
3 0.090625 0.65546875 0.125 0.1171875
3 0.74296875 0.3515625 0.1484375 0.08125
3 0.58125 0.31796875 0.184375 0.0875
2 0.19375 0.17890625 0.0171875 0.0296875
2 0.18828125 0.1984375 0.0171875 0.0125
2 0.1875 0.209375 0.0140625 0.0109375
2 0.17890625 0.2484375 0.009375 0.0078125
2 0.1765625 0.2578125 0.0171875 0.0125
2 0.1671875 0.28125 0.015625 0.028125
2 0.2078125 0.30625 0.0109375 0.0125
2 0.21484375 0.7234375 0.01875 0.03125
2 0.221875 0.69375 0.015625 0.0296875
2 0.2296875 0.65390625 0.015625 0.028125
2 0.2046875 0.66796875 0.0109375 0.021875
2 0.2125 0.675 0.0140625 0.0140625
2 0.2296875 0.7078125 0.0125 0.021875
2 0.24453125 0.63984375 0.0125 0.0234375
2 0.2359375 0.62578125 0.015625 0.0296875
2 0.2796875 0.453125 0.009375 0.00625
2 0.27734375 0.46328125 0.0078125 0.0078125
2 0.27578125 0.47421875 0.00625 0.0046875
2 0.2734375 0.4828125 0.0171875 0.015625
2 0.30234375 0.52578125 0.00625 0.0125
2 0.325 0.51015625 0.00625 0.0125
2 0.3390625 0.51640625 0.021875 0.01875
2 0.3140625 0.53046875 0.0171875 0.015625
2 0.41015625 0.27890625 0.0296875 0.0453125
2 0.409375 0.32109375 0.01875 0.01875
2 0.39921875 0.3375 0.021875 0.0203125
2 0.453125 0.384375 0.0140625 0.0125
2 0.45390625 0.37421875 0.0171875 0.015625
2 0.46484375 0.3328125 0.015625 0.0296875
2 0.340625 0.42109375 0.00625 0.0109375
2 0.35625 0.42578125 0.0234375 0.0203125
2 0.31328125 0.6421875 0.0171875 0.0328125
2 0.30390625 0.6765625 0.0125 0.0234375
2 0.2984375 0.70234375 0.0125 0.021875
2 0.2828125 0.7421875 0.009375 0.0203125
2 0.29375 0.73671875 0.015625 0.0296875
2 0.35390625 0.734375 0.015625 0.028125
2 0.365625 0.7359375 0.0171875 0.0328125
2 0.3875 0.6953125 0.0265625 0.0421875
6 0.51015625 0.74140625 0.0140625 0.025
2 0.25546875 0.61640625 0.0109375 0.021875
2 0.271875 0.6234375 0.0109375 0.021875
2 0.284375 0.62578125 0.0125 0.021875
2 0.3046875 0.62734375 0.0109375 0.021875
0 0.3109375 0.46015625 0.059375 0.075
0 0.22734375 0.246875 0.084375 0.1078125
0 0.33203125 0.26875 0.096875 0.1234375
0 0.4328125 0.3359375 0.0375 0.0515625
0 0.68046875 0.57890625 0.09375 0.1515625
0 0.26796875 0.6796875 0.0671875 0.084375
0 0.521875 0.546875 0.1890625 0.240625
3 0.09140625 0.5609375 0.0265625 0.05625
3 0.51953125 0.1625 0.0484375 0.153125
2 0.26953125 0.503125 0.01875 0.01875
3 0.8296875 0.275 0.0421875 0.04375
3 0.78828125 0.46171875 0.0390625 0.03125
3 0.1078125 0.56640625 0.03125 0.0625