3 0.2 0.10078125 0.11484375 0.125
3 0.48671875 0.08828125 0.3015625 0.1765625
3 0.775 0.10390625 0.11015625 0.12734375
0 0.553125 0.46953125 0.22109375 0.12890625
0 0.296875 0.903125 0.09375 0.0625
0 0.48046875 0.90390625 0.12109375 0.07734375
2 0.42734375 0.2125 0.02265625 0.02734375
2 0.48359375 0.2125 0.02265625 0.02734375
6 0.39140625 0.30078125 0.02109375 0.02109375
6 0.43203125 0.3 0.01875 0.02734375
6 0.72734375 0.32578125 0.01875 0.025
6 0.52265625 0.34609375 0.02265625 0.02734375
6 0.51484375 0.85703125 0.04375 0.01640625
1 0.26015625 0.62421875 0.10390625 0.03125
1 0.66796875 0.88125 0.08984375 0.03984375
7 0.39609375 0.64609375 0.12265625 0.08125
7 0.26015625 0.51171875 0.12890625 0.08359375
6 0.29375 0.453125 0.0625 0.01640625
6 0.353125 0.43984375 0.02890625 0.03515625
6 0.696875 0.56953125 0.02890625 0.02890625
6 0.73828125 0.38984375 0.0375 0.04375
6 0.22109375 0.678125 0.03359375 0.0375
6 0.28203125 0.67734375 0.03984375 0.04375
6 0.56953125 0.61875 0.02109375 0.025
6 0.68671875 0.61640625 0.02890625 0.02265625
6 0.26328125 0.85625 0.05625 0.02109375
6 0.38828125 0.85390625 0.04140625 0.02265625
6 0.66640625 0.92109375 0.08125 0.03515625
6 0.40859375 0.56171875 0.05625 0.025