0 0.32578125 0.48984375 0.35234375 0.325
0 0.70703125 0.39140625 0.10390625 0.1
0 0.70546875 0.571875 0.11015625 0.13359375
7 0.61328125 0.48125 0.05625 0.06015625
7 0.61640625 0.38671875 0.05234375 0.05859375
6 0.784375 0.615625 0.02109375 0.04375
6 0.78515625 0.35546875 0.01484375 0.03984375
6 0.784375 0.41484375 0.01875 0.04375
6 0.53203125 0.35546875 0.01484375 0.03515625
6 0.565625 0.36328125 0.02109375 0.04375
6 0.61875 0.340625 0.0375 0.01875
6 0.54921875 0.43359375 0.03359375 0.02265625
6 0.546875 0.459375 0.03125 0.02109375
6 0.54765625 0.48203125 0.03359375 0.02109375
6 0.546875 0.50859375 0.03515625 0.01875
6 0.546875 0.5375 0.03984375 0.025
1 0.54375 0.56328125 0.04375 0.02265625
1 0.54921875 0.40859375 0.04765625 0.02109375
6 0.61796875 0.52578125 0.03359375 0.02265625
3 0.88046875 0.49375 0.125 0.13359375
2 0.53046875 0.615625 0.02265625 0.04375
2 0.56328125 0.61484375 0.02109375 0.04375
4 0.61953125 0.596875 0.02890625 0.06640625
4 0.784375 0.55703125 0.025 0.03984375
2 0.78125 0.49140625 0.01484375 0.04765625