2 0.78671875 0.29765625 0.25625 0.58125
4 0.50390625 0.23828125 0.10390625 0.32734375
2 0.075 0.44609375 0.07109375 0.22265625
2 0.72890625 0.76796875 0.08359375 0.22109375
2 0.8125 0.76796875 0.0625 0.22890625
6 0.59453125 0.865625 0.06640625 0.06640625
6 0.40390625 0.86328125 0.07109375 0.06015625
6 0.27421875 0.77578125 0.06875 0.08125
6 0.17890625 0.840625 0.04140625 0.12109375
6 0.18984375 0.63984375 0.03984375 0.12109375
6 0.27734375 0.5875 0.07265625 0.06875
2 0.278125 0.68125 0.06640625 0.06015625
0 0.509375 0.634375 0.17890625 0.30859375
2 0.6125 0.38984375 0.03359375 0.11015625