1 0.81328125 0.03125 0.1515625 0.0625
1 0.0375 0.20625 0.075 0.121875
3 0.434375 0.2859375 0.796875 0.571875
6 0.0328125 0.27890625 0.065625 0.0515625
6 0.840625 0.07109375 0.09375 0.0484375
6 0.0609375 0.4546875 0.09375 0.0484375
6 0.06796875 0.4953125 0.0890625 0.046875
6 0.0875 0.57421875 0.1015625 0.05
6 0.90078125 0.328125 0.1109375 0.0578125
6 0.9109375 0.36953125 0.096875 0.0484375
6 0.26953125 0.5984375 0.0546875 0.059375
6 0.45546875 0.92734375 0.0578125 0.0640625
6 0.5296875 0.9078125 0.090625 0.0734375
6 0.61015625 0.8875 0.05625 0.0546875
6 0.68515625 0.86875 0.06875 0.0609375
6 0.91484375 0.80859375 0.0671875 0.0625
1 0.79140625 0.840625 0.15625 0.1109375
2 0.33046875 0.95234375 0.1890625 0.0953125
2 0.06953125 0.534375 0.090625 0.053125
2 0.19140625 0.61640625 0.0671875 0.0640625
2 0.34609375 0.5796875 0.0625 0.0671875
2 0.415625 0.5625 0.078125 0.0765625
2 0.7515625 0.47578125 0.075 0.0625
2 0.82734375 0.45703125 0.071875 0.0671875
2 0.8921875 0.28671875 0.0984375 0.05
0 0.54765625 0.71640625 0.7578125 0.3796875