3 0.50546875 0.8953125 0.2203125 0.209375
3 0.92734375 0.27890625 0.12734375 0.18984375
3 0.728125 0.88671875 0.21875 0.20390625
4 0.50390625 0.634375 0.13359375 0.06484375
4 0.68125 0.634375 0.12734375 0.07109375
1 0.78359375 0.13203125 0.0375 0.10234375
2 0.91328125 0.44453125 0.07890625 0.05625
0 0.92109375 0.57890625 0.11640625 0.17734375
0 0.10234375 0.353125 0.12265625 0.18359375
2 0.91171875 0.72890625 0.08125 0.06015625
2 0.83125 0.29140625 0.03125 0.07265625
2 0.06953125 0.490625 0.06015625 0.04140625
2 0.07421875 0.54453125 0.05625 0.04375
7 0.07578125 0.73984375 0.0625 0.07109375
6 0.07578125 0.65703125 0.04609375 0.04375
6 0.07578125 0.59765625 0.04765625 0.02890625
6 0.78515625 0.28125 0.025 0.06640625
6 0.80546875 0.61328125 0.03984375 0.07890625