3 0.85859375 0.38046875 0.14375 0.225
3 0.171875 0.640625 0.17734375 0.25859375
0 0.20859375 0.42734375 0.14375 0.11484375
0 0.58203125 0.44453125 0.08359375 0.10859375
0 0.36796875 0.490625 0.09765625 0.08125
0 0.69765625 0.3625 0.10234375 0.07734375
2 0.446875 0.41875 0.0375 0.03359375
6 0.72265625 0.21953125 0.04375 0.0375
6 0.74296875 0.28671875 0.03984375 0.03984375
6 0.7375 0.40703125 0.03984375 0.03515625
6 0.46953125 0.49765625 0.04140625 0.02734375
1 0.45546875 0.45390625 0.03984375 0.0375
1 0.73359375 0.25390625 0.03515625 0.04375
2 0.27734375 0.53359375 0.12109375 0.0875
4 0.86953125 0.52265625 0.06015625 0.05