4 0.71015625 0.84765625 0.23984375 0.13984375
5 0.3125 0.10390625 0.18125 0.19609375
6 0.56015625 0.08515625 0.06640625 0.05390625
6 0.571875 0.17890625 0.08515625 0.06640625
6 0.7125 0.17109375 0.07109375 0.04609375
6 0.81875 0.29765625 0.04140625 0.10234375
6 0.81875 0.46171875 0.03984375 0.10625
2 0.71640625 0.0875 0.0875 0.05390625
2 0.2625 0.26171875 0.08125 0.07265625
2 0.4375 0.25546875 0.08125 0.04375
2 0.06328125 0.48125 0.0875 0.22265625
2 0.93671875 0.47109375 0.10625 0.22265625
2 0.82734375 0.646875 0.03359375 0.10859375
0 0.665625 0.48203125 0.23125 0.3