0 0.77734375 0.2140625 0.1203125 0.2390625
0 0.6515625 0.20859375 0.1109375 0.2359375
0 0.52109375 0.19453125 0.109375 0.21875
0 0.384375 0.19140625 0.109375 0.2171875
0 0.25546875 0.18671875 0.1140625 0.225
7 0.75234375 0.60390625 0.034375 0.0546875
4 0.79921875 0.60625 0.0421875 0.04375
4 0.36796875 0.48125 0.0671875 0.053125
0 0.75703125 0.49453125 0.1046875 0.08125
0 0.6421875 0.53359375 0.065625 0.171875
0 0.640625 0.70625 0.059375 0.1609375
0 0.5046875 0.73125 0.053125 0.0890625
0 0.38984375 0.5578125 0.0359375 0.09375
6 0.71640625 0.6046875 0.0171875 0.0484375
6 0.72421875 0.559375 0.021875 0.028125
6 0.52734375 0.4875 0.03125 0.0359375
6 0.459375 0.4859375 0.03125 0.025
2 0.57578125 0.4609375 0.028125 0.01875
2 0.57421875 0.48828125 0.03125 0.0234375
2 0.25546875 0.53671875 0.1234375 0.1734375
2 0.35 0.54375 0.0125 0.04375
2 0.34140625 0.57890625 0.028125 0.0234375
2 0.33984375 0.60625 0.025 0.021875
6 0.86953125 0.43046875 0.021875 0.04375
6 0.88828125 0.43515625 0.015625 0.046875
6 0.43671875 0.6921875 0.0296875 0.0296875
6 0.434375 0.71484375 0.0296875 0.021875
6 0.434375 0.740625 0.028125 0.0234375
6 0.4328125 0.765625 0.025 0.01875
6 0.56953125 0.76640625 0.025 0.0171875
2 0.57109375 0.72890625 0.025 0.025