3 0.2375 0.48984375 0.13125 0.47890625
4 0.659375 0.346875 0.04140625 0.0875
4 0.659375 0.6375 0.03984375 0.09375
3 0.86640625 0.60859375 0.0625 0.13125
3 0.85546875 0.378125 0.04609375 0.16875
1 0.76640625 0.24296875 0.025 0.05625
1 0.771875 0.74375 0.03515625 0.05859375
6 0.721875 0.6625 0.02734375 0.06484375
6 0.76953125 0.66171875 0.03515625 0.06484375
6 0.71640625 0.32421875 0.02890625 0.0625
6 0.76640625 0.32109375 0.02734375 0.06484375
7 0.66640625 0.24140625 0.05234375 0.05
0 0.74375 0.44609375 0.125 0.075
0 0.74609375 0.53359375 0.13359375 0.08984375
7 0.66640625 0.73984375 0.05859375 0.06484375