3 0.43203125 0.33671875 0.84765625 0.09375
3 0.43203125 0.47734375 0.84375 0.18515625
3 0.42890625 0.6625 0.84375 0.17265625
3 0.42890625 0.803125 0.85234375 0.10234375
5 0.9806835062499999 0.1870342765625 0.97845468125 0.117734725 0.9063893015625 0.12295081875 0.9086181265625 0.1907600609375 0.9806835062499999 0.1870342765625
3 0.14609375 0.06171875 0.1 0.12109375
3 0.92421875 0.56171875 0.03125 0.26875
3 0.925 0.334375 0.05625 0.05234375
3 0.93828125 0.23671875 0.07265625 0.03515625
3 0.90859375 0.93359375 0.04140625 0.09375
1 0.51640625 0.05625 0.05625 0.06015625
1 0.51640625 0.1625 0.0625 0.06875
1 0.64296875 0.05546875 0.06015625 0.0625
1 0.77734375 0.05546875 0.0625 0.05625
1 0.90546875 0.05546875 0.06015625 0.06015625
3 0.265625 0.04765625 0.09140625 0.05390625
0 0.38359375 0.06171875 0.06875 0.0875
0 0.3 0.165625 0.11015625 0.07109375
4 0.16171875 0.17109375 0.10859375 0.03515625
4 0.72421875 0.19375 0.02734375 0.075
6 0.08828125 0.92734375 0.025 0.10625
6 0.28828125 0.921875 0.025 0.09765625
6 0.48984375 0.91953125 0.02890625 0.0875
6 0.68984375 0.91953125 0.025 0.08984375
6 0.48125 0.22890625 0.10234375 0.03125
6 0.45234375 0.07109375 0.0375 0.10390625
6 0.68203125 0.19921875 0.03125 0.10625
3 0.92421875 0.79140625 0.05625 0.06640625
2 0.62421875 0.16640625 0.0625 0.07734375
2 0.41640625 0.16796875 0.075 0.04375
2 0.34375 0.228125 0.075 0.03515625
2 0.15703125 0.22421875 0.08125 0.04140625
6 0.575 0.06796875 0.03984375 0.1
6 0.71015625 0.065625 0.03125 0.075
6 0.84375 0.065625 0.03359375 0.0875