6 0.36484375 0.853125 0.09765625 0.19375
6 0.634375 0.225 0.0625 0.11875
6 0.625 0.44921875 0.08125 0.05625
6 0.61796875 0.525 0.05390625 0.11640625
6 0.628125 0.634375 0.07265625 0.06875
2 0.59765625 0.74765625 0.07109375 0.075
2 0.715625 0.76640625 0.06484375 0.06015625
2 0.89921875 0.765625 0.05625 0.05859375
0 0.8375 0.60625 0.16484375 0.2
3 0.70390625 0.23203125 0.0875 0.17265625
3 0.8703125 0.08359375 0.259375 0.1234375
3 0.78359375 0.23203125 0.0625 0.17265625
3 0.853125 0.24375 0.0625 0.21484375
2 0.621875 0.36015625 0.07109375 0.05234375
3 0.26796875 0.478125 0.53515625 0.3875
2 0.46796875 0.275 0.07265625 0.05859375