3 0.71875 0.26015625 0.1875 0.36484375
3 0.51171875 0.78828125 0.6 0.0875
7 0.75703125 0.52265625 0.09140625 0.1
6 0.24765625 0.19921875 0.10625 0.075
6 0.396875 0.18984375 0.1 0.05234375
6 0.55859375 0.271875 0.07890625 0.04765625
6 0.56015625 0.34453125 0.08984375 0.03125
6 0.653125 0.51484375 0.04375 0.10234375
6 0.77578125 0.646875 0.03515625 0.0875
6 0.64765625 0.634375 0.05625 0.09765625
2 0.71484375 0.63515625 0.03515625 0.08125
2 0.55 0.18359375 0.07265625 0.05625
0 0.45625 0.54140625 0.31015625 0.28125
1 0.228125 0.30546875 0.04140625 0.0875
1 0.27578125 0.30390625 0.04140625 0.09140625
1 0.33203125 0.30390625 0.04140625 0.0875
1 0.38515625 0.30859375 0.04609375 0.10234375
1 0.44140625 0.303125 0.04765625 0.09375