3 0.08984375 0.49453125 0.084375 0.10625
3 0.1734375 0.6015625 0.190625 0.1515625
7 0.7875 0.571875 0.05625 0.0546875
7 0.60078125 0.5625 0.046875 0.0484375
7 0.42578125 0.5453125 0.053125 0.05
7 0.25625 0.53046875 0.0515625 0.046875
4 0.73203125 0.53515625 0.05625 0.0546875
4 0.559375 0.515625 0.059375 0.046875
4 0.38984375 0.5078125 0.0671875 0.0546875
4 0.228125 0.48671875 0.059375 0.0546875
6 0.77109375 0.6140625 0.046875 0.040625
6 0.76328125 0.6484375 0.05 0.0484375
6 0.596875 0.596875 0.0546875 0.0453125
6 0.57890625 0.628125 0.0453125 0.0375
6 0.41484375 0.58203125 0.05 0.0390625
6 0.39921875 0.6109375 0.0375 0.0359375
6 0.2421875 0.5625 0.0546875 0.0453125
1 0.61328125 0.6671875 0.0484375 0.0359375
1 0.54140625 0.65390625 0.05 0.0421875
1 0.46484375 0.65390625 0.0453125 0.04375
1 0.3921875 0.6453125 0.04375 0.046875
0 0.684375 0.5890625 0.109375 0.125
0 0.5 0.57421875 0.10625 0.109375
0 0.325 0.559375 0.1078125 0.115625
0 0.15859375 0.53359375 0.103125 0.103125