4 0.42734375 0.871875 0.55390625 0.11875
2 0.075 0.06796875 0.0875 0.06484375
2 0.47109375 0.06953125 0.09609375 0.06015625
2 0.56328125 0.059375 0.07265625 0.05859375
2 0.77265625 0.06328125 0.0875 0.0625
6 0.66328125 0.06015625 0.09765625 0.04765625
6 0.66953125 0.45859375 0.07109375 0.04609375
2 0.46328125 0.46328125 0.13515625 0.06875
2 0.565625 0.459375 0.07734375 0.05625
2 0.79140625 0.46015625 0.1125 0.05625
2 0.04765625 0.93984375 0.09140625 0.0625
1 0.31953125 0.96796875 0.19375 0.02265625
6 0.54375 0.97109375 0.14375 0.0375