7 0.39375 0.23046875 0.05859375 0.07890625
7 0.39609375 0.321875 0.05859375 0.08359375
7 0.478125 0.221875 0.05 0.08359375
7 0.559375 0.22734375 0.05859375 0.08359375
7 0.38984375 0.540625 0.05859375 0.075
7 0.475 0.553125 0.05390625 0.08515625
7 0.56875 0.55078125 0.05625 0.0875
7 0.64296875 0.55 0.04140625 0.09375
7 0.7375 0.54375 0.05390625 0.08984375
7 0.39375 0.75703125 0.04609375 0.09609375
7 0.48046875 0.7625 0.05390625 0.1
7 0.565625 0.76015625 0.05 0.09140625
7 0.64921875 0.75546875 0.05390625 0.09765625
7 0.734375 0.74765625 0.05625 0.10390625
5 0.17421875 0.23046875 0.22265625 0.15859375
5 0.17109375 0.4 0.22890625 0.15859375
2 0.171875 0.13984375 0.06484375 0.03515625
2 0.56640625 0.33203125 0.03984375 0.09140625
6 0.26796875 0.13359375 0.05390625 0.05234375
6 0.415625 0.13046875 0.03359375 0.075
6 0.58046875 0.13671875 0.03359375 0.08515625
6 0.42109375 0.44765625 0.04609375 0.07265625
6 0.746875 0.44296875 0.03125 0.08359375
6 0.41484375 0.65859375 0.03125 0.08125
6 0.75390625 0.65 0.025 0.05390625
2 0.13046875 0.53203125 0.05859375 0.04375
3 0.84921875 0.521875 0.09765625 0.54375