2 0.62734375 0.65546875 0.14765625 0.20390625
2 0.2125 0.67265625 0.14765625 0.22265625
2 0.06328125 0.3125 0.10625 0.17734375
2 0.21328125 0.18125 0.12109375 0.19375
2 0.35859375 0.18203125 0.11484375 0.2
2 0.59609375 0.240625 0.12109375 0.175
2 0.74296875 0.09921875 0.11640625 0.18359375
2 0.47421875 0.378125 0.11875 0.18125
2 0.38515625 0.028125 0.05390625 0.04765625
2 0.62265625 0.115625 0.05390625 0.05234375
2 0.78984375 0.31796875 0.03359375 0.08984375
2 0.728125 0.321875 0.04375 0.04765625
2 0.94765625 0.55 0.0375 0.10234375
2 0.86875 0.55 0.08984375 0.06640625
2 0.76953125 0.871875 0.06484375 0.13515625
2 0.50234375 0.790625 0.05625 0.14140625
2 0.36953125 0.69296875 0.05 0.13125
2 0.315625 0.41328125 0.03359375 0.07734375
2 0.24296875 0.321875 0.06015625 0.05234375
2 0.05 0.45234375 0.07265625 0.04765625
2 0.0625 0.83984375 0.05859375 0.12734375
2 0.18828125 0.82734375 0.05390625 0.04765625
2 0.3375 0.90078125 0.05390625 0.14140625
2 0.66171875 0.815625 0.05859375 0.05390625
2 0.45625 0.51953125 0.06484375 0.05234375
6 0.84921875 0.10078125 0.03125 0.0875
6 0.62734375 0.04609375 0.05859375 0.0375
6 0.46015625 0.11015625 0.025 0.08515625
6 0.51015625 0.11640625 0.03125 0.0875
6 0.56171875 0.07890625 0.02265625 0.0875
6 0.07578125 0.07421875 0.03125 0.07890625
6 0.12421875 0.15390625 0.025 0.0625
6 0.05390625 0.18828125 0.04765625 0.04140625
6 0.36171875 0.39453125 0.01875 0.07109375
6 0.36953125 0.5375 0.02109375 0.07734375
6 0.31875 0.53671875 0.02265625 0.0625
6 0.503125 0.66875 0.05234375 0.04609375
6 0.73203125 0.240625 0.05625 0.05234375
6 0.7375 0.51171875 0.025 0.07265625
6 0.790625 0.50625 0.02734375 0.06875
6 0.89609375 0.671875 0.02890625 0.08359375
6 0.83671875 0.66796875 0.03125 0.06015625
6 0.77734375 0.66796875 0.03359375 0.07265625
6 0.89296875 0.83828125 0.02109375 0.06640625
6 0.98125 0.80390625 0.02734375 0.08359375
6 0.425 0.85234375 0.03359375 0.075
6 0.428125 0.95859375 0.04375 0.03515625
6 0.090625 0.68125 0.04609375 0.05390625
6 0.240625 0.9375 0.05 0.05234375
6 0.70078125 0.96640625 0.04609375 0.04375
6 0.85859375 0.95859375 0.05 0.05625
6 0.47734375 0.2375 0.05 0.05859375
7 0.95625 0.92109375 0.04765625 0.10234375
7 0.61171875 0.91875 0.04765625 0.11015625
7 0.14296875 0.91640625 0.05 0.10390625
7 0.50390625 0.91640625 0.04609375 0.1
0 0.63203125 0.44375 0.11015625 0.16484375