0 0.496875 0.265625 0.17109375 0.08984375
0 0.559375 0.81171875 0.20390625 0.14609375
6 0.25546875 0.63359375 0.05390625 0.05859375
6 0.54765625 0.63046875 0.12109375 0.03984375
6 0.2875 0.7125 0.0875 0.02734375
6 0.29453125 0.77109375 0.07890625 0.03515625
2 0.70703125 0.75703125 0.04765625 0.05859375
2 0.346875 0.26484375 0.05859375 0.06484375
2 0.49609375 0.346875 0.10859375 0.03125
2 0.49453125 0.384375 0.11484375 0.02734375
2 0.496875 0.509375 0.06640625 0.0625
2 0.70859375 0.86171875 0.06015625 0.06015625
2 0.78046875 0.86328125 0.05859375 0.06015625
1 0.29375 0.86875 0.14375 0.07109375