6 0.340625 0.84296875 0.1109375 0.2
6 0.653125 0.23515625 0.0703125 0.1234375
6 0.628125 0.4578125 0.084375 0.0625
6 0.615625 0.5328125 0.0625 0.1203125
6 0.61875 0.64296875 0.0765625 0.0734375
2 0.58046875 0.75390625 0.0765625 0.0796875
2 0.696875 0.78046875 0.06875 0.0640625
2 0.8796875 0.79296875 0.0609375 0.0625
0 0.82890625 0.6296875 0.178125 0.2109375
3 0.721875 0.246875 0.1 0.178125
3 0.88203125 0.109375 0.2359375 0.140625
3 0.8015625 0.25234375 0.075 0.1765625
3 0.8703125 0.26875 0.0765625 0.21875
2 0.63125 0.36875 0.075 0.0578125
3 0.275 0.46171875 0.55 0.4234375
2 0.48359375 0.2734375 0.0765625 0.0640625