3 0.41484375 0.13359375 0.6109375 0.2453125
1 0.55859375 0.3046875 0.1 0.11875
1 0.42265625 0.33515625 0.0890625 0.1203125
1 0.28359375 0.36640625 0.084375 0.1078125
1 0.5890625 0.4421875 0.0765625 0.1015625
1 0.45234375 0.47734375 0.09375 0.1234375
1 0.31953125 0.503125 0.090625 0.11875
6 0.6125 0.27890625 0.0625 0.1140625
6 0.47734375 0.31875 0.0609375 0.1078125
6 0.340625 0.35390625 0.0546875 0.10625
6 0.6484375 0.43671875 0.0609375 0.109375
6 0.5125 0.4625 0.05625 0.1046875
6 0.37578125 0.49296875 0.053125 0.1015625
6 0.76484375 0.51875 0.1046875 0.084375
6 0.5578125 0.5765625 0.0953125 0.05625
6 0.84375 0.67265625 0.0578125 0.128125
6 0.6390625 0.72265625 0.0671875 0.14375