7 0.246875 0.18359375 0.171875 0.31875
7 0.43359375 0.16796875 0.1890625 0.3109375
7 0.6296875 0.146875 0.16875 0.2859375
7 0.65390625 0.49296875 0.1640625 0.315625
7 0.4625 0.5359375 0.134375 0.309375
7 0.21796875 0.55859375 0.165625 0.3125
6 0.33984375 0.50546875 0.05625 0.1515625
6 0.5578125 0.84296875 0.0703125 0.08125
6 0.6578125 0.83125 0.084375 0.096875
2 0.66640625 0.946875 0.078125 0.0796875
2 0.575 0.95078125 0.071875 0.06875
2 0.4796875 0.92734375 0.065625 0.1453125
2 0.396875 0.92578125 0.10625 0.1484375
2 0.75625 0.90546875 0.0640625 0.1453125