3 0.10546875 0.03125 0.1765625 0.0625
3 0.71484375 0.175 0.1203125 0.06875
3 0.87890625 0.1859375 0.1546875 0.0734375
3 0.7046875 0.309375 0.1140625 0.0578125
3 0.75625 0.86953125 0.1140625 0.0640625
7 0.9234375 0.834375 0.0640625 0.1171875
5 0.44609375 0.54609375 0.15625 0.2078125
1 0.31875 0.1625 0.0609375 0.0875
1 0.31328125 0.3 0.0734375 0.071875
1 0.52734375 0.26328125 0.0859375 0.13125
7 0.58046875 0.60546875 0.0421875 0.0828125
1 0.8859375 0.37265625 0.028125 0.096875
1 0.1859375 0.9578125 0.0546875 0.0421875
0 0.13671875 0.5234375 0.2734375 0.234375
2 0.30390625 0.490625 0.03125 0.0640625
2 0.35078125 0.59765625 0.025 0.065625
2 0.26875 0.96015625 0.0359375 0.0265625
2 0.85234375 0.378125 0.0234375 0.06875
2 0.84453125 0.6375 0.0234375 0.0609375
2 0.8703125 0.828125 0.0359375 0.065625
6 0.190625 0.16953125 0.025 0.0796875
6 0.1875 0.29140625 0.025 0.053125
6 0.30078125 0.57734375 0.0203125 0.059375
6 0.584375 0.50078125 0.0234375 0.0734375
6 0.87578125 0.6390625 0.025 0.05
6 0.8484375 0.46640625 0.025 0.0546875
6 0.88359375 0.46328125 0.0296875 0.0515625
6 0.1921875 0.9125 0.065625 0.0296875
1 0.9640625 0.41328125 0.071875 0.1296875
6 0.3859375 0.16484375 0.0234375 0.071875
6 0.3828125 0.30234375 0.0265625 0.0609375
6 0.49765625 0.13671875 0.03125 0.053125
6 0.53203125 0.1375 0.025 0.06875
6 0.565625 0.1375 0.0296875 0.0671875