3 0.203125 0.4671875 0.1671875 0.478125
7 0.36875 0.79921875 0.1015625 0.1078125
2 0.29140625 0.775 0.0546875 0.084375
6 0.36640625 0.67421875 0.0625 0.0859375
6 0.26328125 0.64921875 0.0453125 0.0671875
6 0.56953125 0.34453125 0.071875 0.046875
6 0.54375 0.45546875 0.0625 0.0453125
6 0.53671875 0.50625 0.071875 0.046875
2 0.5921875 0.23828125 0.0828125 0.0484375
2 0.57734375 0.2859375 0.075 0.04375
2 0.51484375 0.5984375 0.071875 0.05
2 0.51015625 0.65859375 0.0875 0.0515625
2 0.49921875 0.71953125 0.0828125 0.0484375
2 0.48125 0.7796875 0.06875 0.034375