3 0.19125 0.4301745640625 0.18812500000000001 0.2244389015625 0.01125 0.22319202031250002 0.016875 0.44389027499999995 0.19125 0.4301745640625
3 0.17250000000000001 0.711970075 0.171875 0.5436408984375001 0.0675 0.559850375 0.07062500000000001 0.7456359109374999 0.17250000000000001 0.711970075
0 0.41953125 0.36328125 0.08359375 0.16875
0 0.24609375 0.63828125 0.0875 0.13515625
3 0.55390625 0.559375 0.0625 0.08359375
6 0.24921875 0.25546875 0.01640625 0.02109375
6 0.26640625 0.29609375 0.02265625 0.01875
6 0.265625 0.33203125 0.02265625 0.01640625
6 0.54375 0.31875 0.02265625 0.01875
2 0.23359375 0.43984375 0.01484375 0.03984375
2 0.33515625 0.35625 0.01015625 0.03515625
2 0.35390625 0.35390625 0.0125 0.03125
1 0.503125 0.31953125 0.02734375 0.02265625
7 0.221875 0.31171875 0.02109375 0.04765625
2 0.478125 0.415625 0.00859375 0.03359375
2 0.30546875 0.45078125 0.00859375 0.03984375
2 0.30625 0.521875 0.00859375 0.05234375