0 0.490625 0.34921875 0.29375 0.39140625
0 0.490625 0.60703125 0.10234375 0.09140625
0 0.48984375 0.72109375 0.07265625 0.0875
7 0.615625 0.60703125 0.04140625 0.03515625
7 0.61484375 0.72890625 0.04765625 0.03984375
4 0.46875 0.78515625 0.01484375 0.01875
4 0.490625 0.78515625 0.0125 0.01875
4 0.5125 0.78671875 0.01484375 0.01875
4 0.42109375 0.78125 0.0375 0.02109375
1 0.37109375 0.70234375 0.01875 0.03125
2 0.37109375 0.58359375 0.01875 0.03515625
2 0.40234375 0.58125 0.02109375 0.03515625
2 0.37265625 0.62109375 0.01875 0.0125
2 0.40546875 0.6375 0.01640625 0.02734375
2 0.371875 0.65078125 0.01640625 0.00859375
2 0.415625 0.67734375 0.01640625 0.01015625
2 0.41796875 0.69453125 0.01875 0.0125
2 0.41015625 0.8125 0.01015625 0.01875
6 0.37109375 0.74609375 0.01015625 0.025
6 0.37265625 0.634375 0.02265625 0.01015625
6 0.41875 0.70859375 0.02109375 0.00859375
6 0.42734375 0.74765625 0.0125 0.02109375
6 0.409375 0.74765625 0.01484375 0.02265625
6 0.55859375 0.68203125 0.0125 0.02109375
6 0.57265625 0.68515625 0.0125 0.01875
6 0.55859375 0.753125 0.01015625 0.02265625
6 0.57265625 0.75390625 0.01015625 0.02109375
3 0.49375 0.86796875 0.12734375 0.11875