3 0.8359375 0.22890625 0.328125 0.3640625
3 0.259375 0.1453125 0.346875 0.290625
0 0.66796875 0.44375 0.1328125 0.121875
0 0.35625 0.36953125 0.1171875 0.0828125
0 0.4625 0.6140625 0.2328125 0.171875
0 0.41796875 0.83671875 0.146875 0.06875
1 0.3234375 0.91015625 0.1125 0.0515625
2 0.21328125 0.54375 0.0578125 0.053125
2 0.7171875 0.65390625 0.046875 0.0421875
2 0.67890625 0.6359375 0.0265625 0.034375
2 0.6265625 0.66640625 0.0296875 0.0328125
2 0.6859375 0.71875 0.046875 0.025
2 0.67734375 0.7453125 0.0640625 0.028125
2 0.79453125 0.44765625 0.0703125 0.0296875
2 0.8 0.4859375 0.0875 0.040625
2 0.54296875 0.41328125 0.05 0.0515625
2 0.47421875 0.39453125 0.0421875 0.046875
2 0.24140625 0.346875 0.04375 0.0484375
2 0.4109375 0.43671875 0.0890625 0.0328125
2 0.40625 0.4921875 0.0578125 0.0234375
2 0.634375 0.525 0.0515625 0.0265625
2 0.6296875 0.56875 0.04375 0.0265625
2 0.440625 0.3265625 0.071875 0.0359375
6 0.6203125 0.34296875 0.0734375 0.0421875
6 0.53046875 0.325 0.046875 0.028125
6 0.440625 0.303125 0.0609375 0.0265625
6 0.6328125 0.54765625 0.0609375 0.028125
6 0.4140625 0.46875 0.090625 0.040625
6 0.40390625 0.5125 0.065625 0.03125
6 0.25390625 0.6109375 0.0625 0.034375
6 0.4734375 0.9390625 0.1171875 0.05625