3 0.1890625 0.05703125 0.240625 0.1140625
3 0.47109375 0.05703125 0.2265625 0.1140625
3 0.76640625 0.059375 0.34609375 0.11875
3 0.14296875 0.26171875 0.21015625 0.04140625
7 0.425 0.17109375 0.11015625 0.04609375
7 0.69921875 0.17265625 0.10625 0.04609375
6 0.13828125 0.21484375 0.08515625 0.02734375
6 0.39375 0.26015625 0.03359375 0.02890625
6 0.45703125 0.26015625 0.03125 0.02734375
6 0.66953125 0.259375 0.03359375 0.02734375
6 0.72890625 0.26015625 0.03359375 0.02734375
6 0.45546875 0.79765625 0.08515625 0.02265625
7 0.309375 0.925 0.08125 0.05234375
6 0.68984375 0.93984375 0.07890625 0.02265625
1 0.6875 0.91171875 0.0875 0.02265625
6 0.27578125 0.89140625 0.03984375 0.00859375
6 0.40390625 0.89140625 0.04140625 0.00859375
2 0.528125 0.89140625 0.04375 0.0125
2 0.16640625 0.36875 0.03359375 0.03359375
2 0.22734375 0.36796875 0.02890625 0.02890625
2 0.16875 0.50390625 0.03515625 0.03125
2 0.228125 0.503125 0.02890625 0.02890625
2 0.39453125 0.56875 0.04140625 0.0125
6 0.49296875 0.56796875 0.03359375 0.01015625
6 0.64921875 0.56640625 0.04140625 0.0125
6 0.734375 0.56796875 0.03984375 0.0125
0 0.496875 0.43203125 0.40859375 0.175
0 0.49453125 0.92734375 0.11875 0.05390625