0 0.4921875 0.290625 0.103125 0.059375
2 0.6578125 0.2828125 0.1046875 0.034375
2 0.31328125 0.309375 0.0875 0.0390625
6 0.7296875 0.5125 0.0859375 0.040625
6 0.36875 0.53515625 0.0828125 0.0375
6 0.728125 0.571875 0.084375 0.0453125
6 0.73984375 0.62734375 0.0859375 0.0375
6 0.37265625 0.59921875 0.0828125 0.0390625
6 0.74140625 0.690625 0.0859375 0.034375
6 0.746875 0.75 0.0828125 0.0375
6 0.4171875 0.75234375 0.046875 0.05
6 0.28125 0.7625 0.0515625 0.0578125
6 0.69921875 0.8875 0.0984375 0.0375
1 0.37265625 0.9125 0.115625 0.046875