3 0.45859375 0.3609375 0.3234375 0.1515625
0 0.5109375 0.54765625 0.06875 0.0703125
0 0.5875 0.8515625 0.0640625 0.0640625
7 0.521875 0.86796875 0.05 0.053125
2 0.43046875 0.56953125 0.021875 0.0140625
2 0.59140625 0.52890625 0.021875 0.0171875
2 0.43984375 0.603125 0.025 0.0171875
1 0.65078125 0.8171875 0.0375 0.0203125
2 0.58984375 0.81875 0.021875 0.0171875
6 0.60390625 0.5671875 0.025 0.0203125
6 0.609375 0.60234375 0.0296875 0.01875
6 0.61796875 0.6390625 0.0234375 0.0171875
6 0.525 0.6640625 0.0390625 0.0328125
6 0.53359375 0.70078125 0.0390625 0.0328125
6 0.55 0.7734375 0.0359375 0.028125
6 0.659375 0.84375 0.04375 0.0296875
6 0.5015625 0.84140625 0.0203125 0.0125
6 0.54765625 0.83203125 0.025 0.0171875