7 0.58125 0.3640625 0.121875 0.1296875
6 0.7171875 0.5390625 0.0609375 0.05
6 0.61328125 0.64453125 0.053125 0.0625
6 0.58515625 0.61328125 0.046875 0.0609375
6 0.56015625 0.5875 0.0484375 0.0546875
6 0.534375 0.55703125 0.0453125 0.05625
2 0.5421875 0.2921875 0.05625 0.06875
2 0.48046875 0.4875 0.05625 0.065625
2 0.4265625 0.425 0.053125 0.0609375
2 0.396875 0.40078125 0.053125 0.053125
2 0.3515625 0.34140625 0.0421875 0.0546875
2 0.31484375 0.3015625 0.06875 0.0609375
2 0.66953125 0.7015625 0.0546875 0.065625
2 0.640625 0.67109375 0.0484375 0.0546875
3 0.74296875 0.31328125 0.2859375 0.1890625
4 0.51171875 0.51953125 0.0609375 0.059375