0 0.49921875 0.20078125 0.14609375 0.14375
0 0.32890625 0.77109375 0.14140625 0.06875
0 0.50625 0.69453125 0.13359375 0.075
0 0.721875 0.865625 0.14140625 0.05859375
6 0.24375 0.55234375 0.09140625 0.04375
6 0.68203125 0.54921875 0.09375 0.0375
6 0.38515625 0.66484375 0.05 0.05
6 0.63046875 0.66796875 0.05625 0.04765625
6 0.71171875 0.66640625 0.04140625 0.05
6 0.79765625 0.66640625 0.05 0.05
6 0.653125 0.73984375 0.08515625 0.03515625
6 0.79765625 0.740625 0.0875 0.02890625
6 0.79375 0.79375 0.09609375 0.04375
6 0.50703125 0.81640625 0.09609375 0.03359375
6 0.50859375 0.86953125 0.09765625 0.03125
6 0.19765625 0.859375 0.05 0.05859375
6 0.19375 0.77265625 0.05859375 0.05625
2 0.26015625 0.65234375 0.1125 0.0375
2 0.50859375 0.56640625 0.11015625 0.03515625
2 0.50390625 0.6125 0.10625 0.03984375
2 0.25234375 0.69921875 0.09609375 0.0375
2 0.503125 0.77265625 0.10390625 0.02890625
2 0.65234375 0.79765625 0.1 0.03984375
1 0.334375 0.88359375 0.10859375 0.03515625