3 0.51171875 0.94140625 0.18125 0.09375
3 0.1015625 0.9640625 0.0765625 0.065625
3 0.8984375 0.11171875 0.1109375 0.14375
3 0.7859375 0.11640625 0.1171875 0.1390625
3 0.66796875 0.12265625 0.1140625 0.1359375
3 0.55546875 0.125 0.1171875 0.15
3 0.43125 0.1171875 0.1171875 0.1484375
3 0.31640625 0.12734375 0.1234375 0.1515625
3 0.19609375 0.1234375 0.1234375 0.1453125
3 0.07265625 0.128125 0.11875 0.1484375
7 0.94609375 0.67578125 0.0296875 0.071875
7 0.83671875 0.68828125 0.0328125 0.059375
7 0.72265625 0.6953125 0.0234375 0.0609375
7 0.60703125 0.70390625 0.028125 0.0625
7 0.490625 0.70703125 0.028125 0.071875
7 0.371875 0.7140625 0.028125 0.0671875
7 0.25390625 0.72109375 0.0234375 0.05625
7 0.13515625 0.72265625 0.0265625 0.0546875
0 0.8828125 0.7625 0.0375 0.15
0 0.7703125 0.77265625 0.04375 0.1421875
0 0.65703125 0.77890625 0.040625 0.15
0 0.53359375 0.78046875 0.0375 0.1375
0 0.41796875 0.7859375 0.0375 0.140625
0 0.29921875 0.79765625 0.0359375 0.15
0 0.17734375 0.80234375 0.0453125 0.1296875
0 0.0625 0.80234375 0.0421875 0.13125
4 0.90234375 0.6203125 0.0390625 0.053125
4 0.79296875 0.634375 0.0453125 0.0484375
4 0.6796875 0.63828125 0.0421875 0.05
4 0.56484375 0.6515625 0.040625 0.040625
4 0.44296875 0.64765625 0.040625 0.04375
4 0.3265625 0.65390625 0.0421875 0.053125
4 0.2109375 0.6546875 0.040625 0.05
4 0.09296875 0.6625 0.040625 0.05
1 0.93359375 0.8484375 0.028125 0.040625
1 0.82578125 0.8625 0.0296875 0.040625
1 0.71015625 0.86875 0.028125 0.03125
1 0.59765625 0.8703125 0.034375 0.03125
1 0.4765625 0.8828125 0.028125 0.040625
1 0.36015625 0.89296875 0.028125 0.0359375
1 0.240625 0.89609375 0.0328125 0.0484375
1 0.1203125 0.9015625 0.025 0.03125
6 0.92890625 0.74453125 0.0234375 0.0359375
6 0.92890625 0.78515625 0.025 0.0359375
6 0.82265625 0.7484375 0.025 0.03125
6 0.821875 0.7984375 0.01875 0.040625
6 0.71015625 0.7578125 0.0234375 0.028125
6 0.70859375 0.80859375 0.028125 0.0296875
6 0.59140625 0.76953125 0.0234375 0.03125
6 0.59609375 0.80859375 0.025 0.0375
6 0.4734375 0.77890625 0.028125 0.0359375
6 0.4734375 0.81875 0.0234375 0.04375
6 0.35546875 0.77421875 0.0296875 0.0484375
6 0.3578125 0.821875 0.028125 0.040625
6 0.23515625 0.78515625 0.028125 0.0484375
6 0.23359375 0.83359375 0.028125 0.040625
6 0.11640625 0.7875 0.028125 0.040625
6 0.1171875 0.828125 0.028125 0.04375