2 0.21484375 0.31484375 0.13125 0.35859375
2 0.209375 0.76875 0.14140625 0.38359375
2 0.71796875 0.51953125 0.09609375 0.07265625
2 0.91328125 0.546875 0.10234375 0.08359375
5 0.890625 0.80625 0.20390625 0.30234375
6 0.31875 0.85078125 0.05 0.19140625
6 0.39453125 0.84921875 0.04765625 0.17734375
6 0.48125 0.853125 0.05390625 0.18359375
6 0.56015625 0.84296875 0.04375 0.16875
6 0.64375 0.84921875 0.05 0.19609375
6 0.72265625 0.83515625 0.05859375 0.18125
6 0.70703125 0.6375 0.08984375 0.09765625
6 0.72578125 0.1125 0.09609375 0.10390625
6 0.91328125 0.12578125 0.08984375 0.10234375
6 0.915625 0.25859375 0.08125 0.10390625
6 0.91484375 0.40390625 0.08515625 0.10234375
0 0.728125 0.33046875 0.1375 0.28125