7 0.6203125 0.23671875 0.0625 0.08125
7 0.61328125 0.32734375 0.0625 0.0859375
7 0.53671875 0.2234375 0.0546875 0.0859375
7 0.4546875 0.225 0.0625 0.0859375
7 0.6078125 0.54609375 0.0625 0.078125
7 0.521875 0.5546875 0.0578125 0.0875
7 0.42890625 0.546875 0.0609375 0.090625
7 0.3546875 0.5421875 0.046875 0.0953125
7 0.26015625 0.53125 0.0578125 0.0921875
7 0.59296875 0.7625 0.0515625 0.0984375
7 0.50546875 0.76328125 0.059375 0.103125
7 0.42109375 0.75625 0.0546875 0.09375
7 0.3375 0.74765625 0.059375 0.1
7 0.253125 0.73515625 0.0609375 0.10625
5 0.8390625 0.24765625 0.23125 0.1703125
5 0.83359375 0.4171875 0.2375 0.1703125
2 0.846875 0.1578125 0.0671875 0.0390625
2 0.4421875 0.32890625 0.0453125 0.09375
6 0.75078125 0.14609375 0.05625 0.0546875
6 0.60390625 0.13515625 0.0375 0.0765625
6 0.43828125 0.1328125 0.0375 0.0875
6 0.58125 0.4515625 0.05 0.075
6 0.25625 0.43046875 0.0359375 0.084375
6 0.5765625 0.6625 0.0359375 0.0828125
6 0.23828125 0.63671875 0.028125 0.0546875
2 0.8671875 0.5515625 0.0609375 0.046875
3 0.15 0.50390625 0.1265625 0.5484375