3 0.5015625 0.06328125 0.259375 0.1265625
0 0.51328125 0.66953125 0.25859375 0.13515625
0 0.51796875 0.37265625 0.1875 0.05859375
6 0.31328125 0.39375 0.09375 0.06015625
6 0.90234375 0.346875 0.075 0.02109375
6 0.55390625 0.4875 0.08125 0.02109375
6 0.31328125 0.71171875 0.05 0.04765625
6 0.31015625 0.64140625 0.05 0.05
6 0.47109375 0.82734375 0.09375 0.03515625
6 0.375 0.91796875 0.08984375 0.02890625
2 0.509375 0.41953125 0.09765625 0.02265625
2 0.49296875 0.58046875 0.0875 0.01875
2 0.6875 0.675 0.05390625 0.04609375
1 0.64375 0.92265625 0.10234375 0.02734375
1 0.51015625 0.24609375 0.1375 0.05625