5 0.040625 0.43515625 0.0734375 0.1171875
3 0.9484375 0.43125 0.0984375 0.5671875
7 0.8921875 0.025 0.01875 0.034375
7 0.89296875 0.06015625 0.0125 0.0296875
7 0.871875 0.02890625 0.0140625 0.0328125
7 0.87578125 0.0609375 0.0125 0.0296875
7 0.88046875 0.1265625 0.0140625 0.0328125
7 0.85546875 0.025 0.0125 0.034375
7 0.83671875 0.028125 0.0171875 0.0296875
7 0.8578125 0.0609375 0.0125 0.025
7 0.86015625 0.09375 0.0125 0.025
7 0.86328125 0.1265625 0.0125 0.028125
7 0.865625 0.16015625 0.0109375 0.028125
7 0.8671875 0.1921875 0.0125 0.025
7 0.84921875 0.19140625 0.0125 0.03125
4 0.88203125 0.271875 0.0171875 0.021875
4 0.85859375 0.28359375 0.0203125 0.0265625
4 0.8828125 0.29375 0.0171875 0.0203125
4 0.8859375 0.3140625 0.0234375 0.0265625
4 0.86328125 0.3296875 0.0203125 0.0234375
4 0.8890625 0.36015625 0.0203125 0.0203125
4 0.8671875 0.3734375 0.0203125 0.0265625
4 0.8953125 0.42578125 0.0203125 0.0171875
4 0.8703125 0.41796875 0.021875 0.0203125
4 0.896875 0.446875 0.0203125 0.0203125
4 0.87109375 0.4625 0.021875 0.0203125
4 0.87109375 0.43984375 0.021875 0.0203125
4 0.8984375 0.46953125 0.0203125 0.0203125
4 0.88984375 0.3859375 0.0203125 0.0265625
1 0.93671875 0.7546875 0.01875 0.028125
1 0.9375 0.78515625 0.0171875 0.021875
1 0.9125 0.75703125 0.0171875 0.0234375
1 0.8890625 0.7609375 0.015625 0.0203125
1 0.865625 0.75859375 0.015625 0.0203125
1 0.915625 0.78671875 0.0171875 0.0234375
1 0.890625 0.78828125 0.015625 0.021875
1 0.86796875 0.790625 0.015625 0.0203125
1 0.83125 0.7625 0.0203125 0.0234375
1 0.80859375 0.7625 0.0171875 0.0234375
1 0.78671875 0.7640625 0.0171875 0.021875
1 0.7625 0.76640625 0.015625 0.0234375
1 0.73125 0.76640625 0.015625 0.021875
1 0.70703125 0.77109375 0.015625 0.0203125
1 0.684375 0.77109375 0.015625 0.0234375
1 0.6609375 0.77578125 0.0203125 0.0234375
1 0.834375 0.79296875 0.0171875 0.0171875
1 0.81171875 0.79375 0.0140625 0.021875
1 0.7875 0.7921875 0.015625 0.021875
1 0.76484375 0.796875 0.0203125 0.0234375
1 0.734375 0.796875 0.015625 0.0234375
1 0.70859375 0.7984375 0.01875 0.0265625
1 0.6875 0.803125 0.0171875 0.021875
1 0.6640625 0.80078125 0.015625 0.021875
1 0.4984375 0.80078125 0.01875 0.028125
7 0.39453125 0.7984375 0.0140625 0.0328125
7 0.3765625 0.8 0.0125 0.028125
7 0.234375 0.81015625 0.0140625 0.028125
7 0.21796875 0.8109375 0.0125 0.0296875
7 0.15234375 0.81171875 0.0140625 0.0265625
0 0.20859375 0.31875 0.0703125 0.18125
0 0.125 0.325 0.0640625 0.175
4 0.0578125 0.2640625 0.0109375 0.034375
4 0.04609375 0.26796875 0.0109375 0.034375
4 0.03515625 0.26875 0.0109375 0.034375
6 0.0828125 0.4484375 0.0125 0.0296875
6 0.175 0.340625 0.009375 0.0125
6 0.0875 0.34296875 0.009375 0.015625
6 0.17421875 0.36015625 0.0140625 0.0171875
6 0.08671875 0.35859375 0.0140625 0.015625
2 0.18515625 0.221875 0.015625 0.0171875
2 0.0984375 0.22734375 0.0140625 0.015625
2 0.04296875 0.225 0.0109375 0.0296875
2 0.06875 0.26015625 0.0109375 0.028125
7 0.2484375 0.06875 0.0140625 0.0265625
7 0.23203125 0.071875 0.0140625 0.028125
7 0.2125 0.071875 0.0125 0.028125
7 0.16953125 0.07578125 0.0140625 0.0296875
7 0.15078125 0.07734375 0.0125 0.025
7 0.10703125 0.0796875 0.0140625 0.0296875
7 0.0890625 0.0796875 0.0125 0.028125
7 0.21328125 0.10625 0.0109375 0.025
7 0.17109375 0.10859375 0.0140625 0.0265625
7 0.15390625 0.10859375 0.0140625 0.028125
7 0.10859375 0.1140625 0.0140625 0.0265625
7 0.09140625 0.115625 0.0171875 0.0265625
7 0.2328125 0.134375 0.0140625 0.0265625
7 0.2171875 0.13515625 0.0125 0.025
7 0.1734375 0.13828125 0.0140625 0.0296875
7 0.15546875 0.14140625 0.0140625 0.028125
7 0.109375 0.14609375 0.0140625 0.0265625
7 0.09375 0.146875 0.0140625 0.0265625
7 0.25390625 0.1671875 0.0140625 0.0296875
7 0.23671875 0.17109375 0.0140625 0.028125
7 0.21796875 0.16875 0.0125 0.0296875
7 0.17578125 0.175 0.0140625 0.0265625
7 0.15703125 0.17578125 0.0171875 0.0359375
7 0.11171875 0.17734375 0.01875 0.028125
7 0.09609375 0.17734375 0.0140625 0.0296875
6 0.0734375 0.0828125 0.0078125 0.0171875
6 0.07578125 0.11328125 0.0078125 0.0171875
6 0.078125 0.1453125 0.0078125 0.0234375
6 0.1375 0.11171875 0.0078125 0.021875
6 0.12890625 0.1125 0.009375 0.01875
1 0.13671875 0.14375 0.0140625 0.0171875
1 0.19921875 0.1390625 0.0140625 0.0171875
6 0.25 0.10390625 0.0140625 0.0140625
6 0.2 0.1078125 0.0078125 0.01875
6 0.18984375 0.10703125 0.0078125 0.0171875
6 0.18203125 0.1078125 0.009375 0.0171875
6 0.2515625 0.1328125 0.0140625 0.0140625
7 0.93046875 0.69140625 0.015625 0.0234375
7 0.9125 0.69453125 0.015625 0.0234375
7 0.896875 0.6953125 0.015625 0.0234375
7 0.8796875 0.6953125 0.0171875 0.0265625
7 0.86171875 0.696875 0.0203125 0.0265625
7 0.84375 0.69609375 0.01875 0.028125
7 0.828125 0.696875 0.0171875 0.0265625
7 0.8109375 0.70078125 0.01875 0.0265625
7 0.79296875 0.7015625 0.0203125 0.0265625
7 0.77421875 0.70234375 0.0203125 0.0296875
4 0.49296875 0.7234375 0.009375 0.0375
4 0.47890625 0.72421875 0.0109375 0.0359375
7 0.7578125 0.70390625 0.0171875 0.0265625
7 0.7390625 0.70234375 0.01875 0.028125
7 0.721875 0.70390625 0.0171875 0.028125
7 0.703125 0.70625 0.01875 0.028125
7 0.68671875 0.70625 0.01875 0.028125
7 0.6703125 0.7078125 0.01875 0.028125
7 0.65546875 0.70859375 0.01875 0.0296875
7 0.634375 0.7078125 0.0203125 0.0296875
7 0.615625 0.71015625 0.0203125 0.0328125
7 0.6 0.71171875 0.0171875 0.034375
7 0.5828125 0.7109375 0.0171875 0.028125
7 0.565625 0.71484375 0.01875 0.028125
7 0.54921875 0.71328125 0.0203125 0.028125
7 0.53125 0.71796875 0.0203125 0.028125
2 0.50546875 0.71328125 0.0140625 0.0203125
2 0.5078125 0.73671875 0.0140625 0.0203125
2 0.4640625 0.71171875 0.015625 0.0203125
6 0.46953125 0.73046875 0.0078125 0.021875
6 0.4609375 0.73671875 0.0109375 0.025
6 0.4515625 0.7328125 0.0078125 0.028125
6 0.934375 0.71484375 0.0140625 0.0203125
6 0.91640625 0.71953125 0.015625 0.0109375
6 0.8984375 0.71953125 0.0140625 0.0140625
6 0.88125 0.72109375 0.0140625 0.0171875
6 0.86328125 0.721875 0.015625 0.0140625
6 0.8453125 0.72578125 0.015625 0.0171875
6 0.828125 0.72421875 0.0140625 0.0140625
6 0.81015625 0.725 0.0109375 0.0125
6 0.7921875 0.7265625 0.0140625 0.015625
6 0.77578125 0.73046875 0.015625 0.0171875
6 0.7578125 0.72734375 0.0140625 0.0203125
6 0.740625 0.73046875 0.015625 0.0171875
6 0.72265625 0.7296875 0.0140625 0.0140625
6 0.70625 0.7328125 0.0140625 0.021875
6 0.6875 0.73203125 0.0140625 0.0140625
6 0.6703125 0.734375 0.0140625 0.0140625
6 0.653125 0.734375 0.0125 0.009375
6 0.6375 0.734375 0.0109375 0.0125
6 0.62109375 0.73671875 0.0109375 0.0125
6 0.60234375 0.73828125 0.015625 0.0171875
6 0.58359375 0.740625 0.0109375 0.0125
6 0.56953125 0.74296875 0.015625 0.0140625
6 0.5484375 0.74296875 0.0171875 0.015625
6 0.53203125 0.74296875 0.0140625 0.0171875
7 0.8421875 0.09375 0.0140625 0.0328125
7 0.84453125 0.128125 0.0125 0.0296875
7 0.77734375 0.06796875 0.0171875 0.0328125
7 0.7859375 0.165625 0.0125 0.028125
7 0.78828125 0.196875 0.0125 0.028125
7 0.7125 0.03984375 0.0140625 0.0265625
7 0.69296875 0.0359375 0.0125 0.025
7 0.67578125 0.040625 0.0125 0.0296875
7 0.65859375 0.040625 0.0125 0.028125
7 0.640625 0.0421875 0.0140625 0.028125
7 0.62265625 0.04453125 0.0140625 0.0265625
7 0.69609375 0.07265625 0.0140625 0.0328125
7 0.67734375 0.071875 0.0125 0.028125
7 0.6609375 0.075 0.0140625 0.028125
7 0.64453125 0.07421875 0.009375 0.0234375
7 0.62578125 0.07421875 0.0140625 0.0234375
7 0.6796875 0.10625 0.009375 0.0234375
7 0.6625 0.10546875 0.0125 0.0296875
7 0.646875 0.1078125 0.0140625 0.028125
7 0.62890625 0.109375 0.0125 0.025
7 0.70234375 0.1359375 0.0125 0.0296875
7 0.68515625 0.14140625 0.0125 0.028125
7 0.66640625 0.14296875 0.0125 0.034375
7 0.6484375 0.14453125 0.0125 0.025
7 0.62890625 0.1421875 0.0125 0.028125
7 0.6515625 0.17265625 0.0109375 0.028125
7 0.63359375 0.175 0.0125 0.028125
7 0.72578125 0.203125 0.0140625 0.034375
7 0.7078125 0.2046875 0.0125 0.028125
7 0.68984375 0.20546875 0.0140625 0.028125
7 0.67109375 0.20546875 0.0125 0.028125
7 0.65390625 0.20703125 0.0125 0.028125
7 0.63515625 0.2078125 0.0140625 0.0265625
7 0.709375 0.23828125 0.0140625 0.0265625
7 0.6734375 0.23984375 0.0125 0.028125
7 0.63828125 0.2421875 0.0140625 0.0296875
7 0.54375 0.04609375 0.0140625 0.0328125
7 0.52578125 0.04609375 0.0125 0.034375
7 0.546875 0.08125 0.0140625 0.028125
7 0.52734375 0.08046875 0.0125 0.025
7 0.54921875 0.11328125 0.0140625 0.028125
7 0.53046875 0.115625 0.0125 0.028125
7 0.55078125 0.14453125 0.0125 0.0296875
7 0.53203125 0.14609375 0.0140625 0.028125
7 0.5546875 0.17734375 0.0171875 0.028125
7 0.53515625 0.18046875 0.0140625 0.034375
7 0.55703125 0.2109375 0.0140625 0.0296875
7 0.53671875 0.2125 0.0125 0.03125
7 0.55859375 0.24765625 0.0171875 0.034375
7 0.540625 0.246875 0.0171875 0.034375
7 0.5765625 0.24609375 0.0140625 0.028125
7 0.43125 0.0546875 0.0140625 0.0296875
7 0.41328125 0.0578125 0.0140625 0.0328125
7 0.415625 0.08828125 0.0125 0.025
7 0.41796875 0.11953125 0.0109375 0.028125
7 0.3796875 0.09140625 0.0140625 0.0265625
7 0.359375 0.059375 0.0125 0.0296875
7 0.38046875 0.12265625 0.0125 0.028125
7 0.3609375 0.0921875 0.0109375 0.034375
7 0.36328125 0.125 0.0140625 0.0296875
7 0.3640625 0.1546875 0.0125 0.028125
7 0.36640625 0.18984375 0.0140625 0.034375
7 0.33359375 0.10078125 0.0171875 0.0421875
2 0.41796875 0.16640625 0.0140625 0.0296875
2 0.46953125 0.06953125 0.015625 0.015625
2 0.39921875 0.16953125 0.0109375 0.0359375
5 0.45859375 0.146875 0.059375 0.103125
6 0.4 0.05859375 0.0078125 0.0234375
6 0.40234375 0.0875 0.0078125 0.01875
6 0.4046875 0.12109375 0.009375 0.0171875
6 0.3203125 0.09375 0.009375 0.01875
6 0.51328125 0.0484375 0.009375 0.0234375
6 0.51484375 0.08203125 0.009375 0.021875
6 0.5171875 0.115625 0.0078125 0.01875
6 0.51953125 0.1484375 0.009375 0.01875
6 0.5203125 0.1796875 0.009375 0.021875
6 0.5234375 0.2109375 0.0078125 0.0171875
6 0.525 0.24375 0.009375 0.0234375
2 0.578125 0.271875 0.015625 0.015625
6 0.56015625 0.27265625 0.0140625 0.0140625
6 0.821875 0.03203125 0.0109375 0.03125
6 0.82421875 0.06328125 0.0109375 0.0234375
6 0.8265625 0.09921875 0.0125 0.028125
6 0.83125 0.12578125 0.0078125 0.0171875
6 0.83359375 0.16015625 0.0109375 0.01875
6 0.83515625 0.1921875 0.0078125 0.021875
6 0.7640625 0.06796875 0.0125 0.025
6 0.771875 0.1625 0.0078125 0.021875
6 0.77421875 0.196875 0.0109375 0.028125
6 0.60859375 0.040625 0.0109375 0.021875
6 0.6109375 0.0765625 0.009375 0.01875
6 0.61640625 0.11171875 0.009375 0.021875
6 0.61640625 0.140625 0.0109375 0.01875
6 0.61796875 0.175 0.0109375 0.021875
6 0.6203125 0.20546875 0.009375 0.01875
6 0.625 0.240625 0.0109375 0.021875
6 0.696875 0.24140625 0.009375 0.01875
6 0.65859375 0.24375 0.0109375 0.0234375
6 0.34453125 0.0625 0.0078125 0.028125
6 0.346875 0.09453125 0.0078125 0.025
6 0.34921875 0.121875 0.0078125 0.0234375
6 0.3515625 0.15625 0.0109375 0.025