3 0.1640625 0.8296875 0.23125 0.340625
1 0.68359375 0.24296875 0.1 0.140625
1 0.459375 0.296875 0.1 0.1515625
1 0.23359375 0.321875 0.1015625 0.1359375
2 0.6921875 0.15 0.034375 0.0375
2 0.63515625 0.171875 0.025 0.034375
2 0.2578125 0.234375 0.0359375 0.0390625
6 0.19296875 0.24453125 0.03125 0.03125
6 0.67109375 0.39453125 0.0453125 0.0546875
6 0.478125 0.40859375 0.046875 0.0453125
6 0.225 0.46796875 0.040625 0.0515625
6 0.2421875 0.546875 0.0328125 0.0359375
7 0.28046875 0.41875 0.0578125 0.08125
7 0.72421875 0.3421875 0.0484375 0.0796875
6 0.6765625 0.47265625 0.028125 0.0375
6 0.4890625 0.5265625 0.05 0.0625
1 0.2984375 0.5328125 0.034375 0.0515625
1 0.7453125 0.46328125 0.04375 0.0515625
2 0.7375 0.515625 0.04375 0.0375
2 0.27578125 0.59609375 0.0359375 0.0375