0 0.509375 0.15 0.1703125 0.153125
7 0.7609375 0.36875 0.0796875 0.0875
7 0.24453125 0.35 0.08125 0.0859375
1 0.74921875 0.55859375 0.121875 0.1515625
1 0.24453125 0.5390625 0.1171875 0.1515625
1 0.2265625 0.73984375 0.121875 0.15625
6 0.59140625 0.371875 0.06875 0.10625
6 0.5015625 0.365625 0.059375 0.1046875
6 0.40703125 0.365625 0.06875 0.1171875
6 0.58515625 0.55 0.059375 0.1125
6 0.4953125 0.54765625 0.06875 0.1078125
6 0.39609375 0.546875 0.0703125 0.1203125
6 0.71328125 0.75390625 0.1078125 0.053125
2 0.4328125 0.74140625 0.0984375 0.065625