0 0.4046875 0.54296875 0.171875 0.1578125
0 0.57890625 0.55 0.159375 0.140625
0 0.15859375 0.08515625 0.2609375 0.1703125
0 0.49921875 0.05859375 0.3421875 0.115625
3 0.8890625 0.0921875 0.221875 0.153125
7 0.51796875 0.26875 0.11875 0.0640625
6 0.20625 0.9109375 0.1296875 0.0375
6 0.49375 0.69140625 0.0875 0.075
6 0.59296875 0.6953125 0.084375 0.0734375
6 0.5171875 0.78828125 0.121875 0.0359375
6 0.2171875 0.81015625 0.109375 0.0375
6 0.8 0.68046875 0.053125 0.0609375
6 0.678125 0.86640625 0.11875 0.0453125
6 0.08828125 0.359375 0.1171875 0.028125
6 0.04921875 0.28203125 0.0453125 0.0640625
6 0.22265625 0.2953125 0.053125 0.0609375
6 0.3984375 0.30078125 0.0625 0.0625
6 0.35390625 0.16640625 0.0546875 0.053125
6 0.4421875 0.171875 0.05 0.0625
6 0.7171875 0.25859375 0.05 0.05625
6 0.6296875 0.25546875 0.0546875 0.05625
6 0.59140625 0.4140625 0.0671875 0.0640625
6 0.53671875 0.33828125 0.1671875 0.040625
2 0.734375 0.0703125 0.06875 0.078125
2 0.13203125 0.28359375 0.071875 0.078125
2 0.309375 0.296875 0.0765625 0.06875
2 0.80234375 0.265625 0.0671875 0.0625
6 0.21484375 0.38828125 0.053125 0.0734375
2 0.8203125 0.40625 0.3328125 0.16875
2 0.5015625 0.88515625 0.134375 0.115625
7 0.33671875 0.4078125 0.090625 0.0703125
7 0.4828125 0.41484375 0.1078125 0.0859375
7 0.71171875 0.1734375 0.096875 0.0765625
7 0.5796875 0.1671875 0.115625 0.071875
7 0.928125 0.265625 0.1203125 0.075
1 0.68671875 0.9328125 0.171875 0.0796875
1 0.69140625 0.809375 0.1859375 0.071875