5 0.1453125 0.159375 0.215625 0.29375
0 0.2671875 0.63359375 0.175 0.275
6 0.08203125 0.54921875 0.0953125 0.084375
6 0.0765625 0.6859375 0.090625 0.1
6 0.06171875 0.81953125 0.0953125 0.0890625
6 0.3046875 0.33203125 0.0953125 0.09375
6 0.30234375 0.1296875 0.0609375 0.15625
6 0.38046875 0.14765625 0.065625 0.171875
6 0.4625 0.14375 0.0609375 0.165625
6 0.540625 0.14921875 0.0640625 0.1625
6 0.62734375 0.1515625 0.0640625 0.178125
6 0.70859375 0.1640625 0.06875 0.178125
2 0.809375 0.23125 0.1625 0.3421875
2 0.76953125 0.709375 0.1515625 0.3984375
6 0.26484375 0.84453125 0.1109375 0.1
2 0.296875 0.4453125 0.090625 0.0828125
2 0.09375 0.4078125 0.0953125 0.096875