4 0.8234375 0.06328125 0.159375 0.1265625
2 0.28515625 0.06953125 0.0859375 0.09375
2 0.58671875 0.22109375 0.0828125 0.071875
0 0.43671875 0.125 0.1703125 0.125
7 0.25703125 0.3109375 0.1078125 0.0921875
7 0.275 0.43828125 0.115625 0.1
7 0.31875 0.5671875 0.090625 0.078125
7 0.3515625 0.6984375 0.109375 0.08125
7 0.36328125 0.83125 0.1125 0.0859375
7 0.3765625 0.95625 0.11875 0.0875
6 0.44453125 0.346875 0.084375 0.065625
6 0.45703125 0.44921875 0.075 0.071875
6 0.4765625 0.56796875 0.0734375 0.0734375
6 0.48984375 0.69765625 0.08125 0.0796875
6 0.525 0.81328125 0.0765625 0.0640625
6 0.55234375 0.93671875 0.071875 0.075
6 0.66796875 0.16015625 0.0984375 0.05625