0 0.565625 0.0640625 0.1140625 0.0703125
0 0.53203125 0.23203125 0.2453125 0.2328125
5 0.35078125 0.6125 0.2828125 0.271875
7 0.853125 0.45859375 0.121875 0.0765625
1 0.90625 0.1125 0.1359375 0.0609375
1 0.53203125 0.92109375 0.1203125 0.065625
6 0.8796875 0.18515625 0.1015625 0.05
6 0.8640625 0.2640625 0.121875 0.0515625
6 0.44453125 0.78984375 0.0828125 0.0515625
6 0.39453125 0.91015625 0.078125 0.040625
6 0.2046875 0.17265625 0.11875 0.0515625
6 0.20078125 0.23984375 0.1125 0.0515625
6 0.196875 0.31171875 0.0984375 0.059375
2 0.22578125 0.03203125 0.0953125 0.0546875
2 0.20625 0.10234375 0.0859375 0.0640625
2 0.859375 0.3484375 0.1046875 0.0609375