1 1 0.21708928906249997 0.8815015984375 0.212792490625 0.931945046875 0.2815014546875 1 0.2820960625 1 0.21708928906249997
1 0.737646296875 0.04921026875 0.6678445765625 0.08932540781250001 0.7890896578125 0.14272473125000001 0.85150205 0.09715495625000001 0.737646296875 0.04921026875
1 0.35125076875 0 0.382007209375 0.04957538125 0.5058159859375 0.041921690625 0.4738270421875 0 0.35125076875 0
1 0.1447053859375 0.024362824999999998 0.08722045 0.06523891875 0.2049987953125 0.1170048453125 0.272519996875 0.074280609375 0.1447053859375 0.024362824999999998
0 0.4015625 0.7703125 0.2921875 0.184375
4 0.19375 0.634375 0.1453125 0.1234375
6 0.49921875 0.61875 0.1484375 0.059375
6 0.39453125 0.896875 0.115625 0.0515625
6 0.67578125 0.96171875 0.115625 0.0515625
6 0.090625 0.7296875 0.0859375 0.05625
1 0.17578125 0.84921875 0.1234375 0.0484375
0 0.55625 0.68671875 0.1171875 0.0765625
2 0.76953125 0.75390625 0.0609375 0.05625
2 0.6890625 0.7328125 0.0796875 0.059375
2 0.35390625 0.6484375 0.1609375 0.0859375