3 0.28984375 0.25234375 0.2 0.371875
3 0.478125 0.7875 0.603125 0.1078125
7 0.2421875 0.5140625 0.0953125 0.103125
6 0.7625 0.20859375 0.109375 0.078125
6 0.6140625 0.19375 0.1015625 0.05625
6 0.44921875 0.2703125 0.08125 0.05
6 0.4453125 0.3421875 0.090625 0.034375
6 0.34609375 0.509375 0.046875 0.103125
6 0.21953125 0.6375 0.0375 0.0890625
6 0.34765625 0.62890625 0.059375 0.1
2 0.28046875 0.62734375 0.0375 0.0828125
2 0.4609375 0.18203125 0.075 0.059375
0 0.5421875 0.54296875 0.3203125 0.2921875
1 0.778125 0.31484375 0.04375 0.0890625
1 0.73125 0.31171875 0.0453125 0.0921875
1 0.675 0.31015625 0.04375 0.0890625
1 0.62109375 0.3125 0.05 0.103125
1 0.565625 0.30546875 0.0515625 0.0953125