1 0.77578125 0.340625 0.0546875 0.0609375
7 0.80234375 0.4109375 0.08125 0.0765625
5 0.3625 0.49765625 0.2265625 0.225
0 0.5375 0.44375 0.2640625 0.2359375
6 0.64453125 0.38515625 0.0640625 0.059375
6 0.4296875 0.36640625 0.0640625 0.053125
6 0.52109375 0.33828125 0.0703125 0.0484375
6 0.61796875 0.31328125 0.0546875 0.0484375
6 0.6890625 0.37421875 0.05625 0.0515625
6 0.73515625 0.36171875 0.059375 0.0546875
6 0.7453125 0.44609375 0.059375 0.0578125
2 0.70078125 0.46015625 0.05625 0.0515625
3 0.89921875 0.3140625 0.2015625 0.23125
3 0.134375 0.5484375 0.26875 0.2375
3 0.9537480484374999 0.495345796875 0.21520517187500002 0.7298023109375 0.21800669374999998 0.8400036484375001 0.9532544546875 0.5938529234375001 0.9537480484374999 0.495345796875