5 0.95390625 0.403125 0.06640625 0.1125
3 0.04765625 0.4625 0.05859375 0.56484375
7 0.07578125 0.053125 0.01640625 0.03359375
7 0.07734375 0.08828125 0.01015625 0.02890625
7 0.09609375 0.05625 0.0125 0.03125
7 0.09453125 0.08828125 0.01015625 0.02890625
7 0.09453125 0.15390625 0.0125 0.03125
7 0.1125 0.05078125 0.01015625 0.03359375
7 0.13125 0.053125 0.01484375 0.02890625
7 0.1125 0.08671875 0.01015625 0.025
7 0.1125 0.11953125 0.01015625 0.025
7 0.11171875 0.153125 0.01015625 0.02734375
7 0.11171875 0.18671875 0.00859375 0.02734375
7 0.1125 0.21875 0.01015625 0.025
7 0.13046875 0.21640625 0.01015625 0.03125
4 0.103125 0.29921875 0.01640625 0.02109375
4 0.12734375 0.309375 0.01875 0.025
4 0.10390625 0.32109375 0.01640625 0.01875
4 0.10234375 0.34140625 0.02109375 0.025
4 0.12578125 0.35546875 0.01875 0.02265625
4 0.10234375 0.3875 0.01875 0.01875
4 0.125 0.39921875 0.01875 0.025
4 0.10078125 0.45390625 0.01875 0.01640625
4 0.125 0.44375 0.02109375 0.01875
4 0.10078125 0.475 0.01875 0.01875
4 0.12734375 0.48828125 0.02109375 0.01875
4 0.12578125 0.465625 0.02109375 0.01875
4 0.10078125 0.49765625 0.01875 0.01875
4 0.103125 0.41328125 0.01875 0.025
1 0.08203125 0.784375 0.01640625 0.02734375
1 0.08359375 0.81484375 0.01640625 0.02109375
1 0.10625 0.78515625 0.01640625 0.02265625
1 0.13046875 0.7875 0.01484375 0.01875
1 0.153125 0.78359375 0.01484375 0.01875
1 0.10546875 0.81484375 0.01640625 0.02265625
1 0.13046875 0.81484375 0.01484375 0.02109375
1 0.153125 0.815625 0.01484375 0.01875
1 0.1875 0.78515625 0.01875 0.02265625
1 0.21015625 0.78359375 0.01640625 0.02265625
1 0.23203125 0.78359375 0.01640625 0.02109375
1 0.25703125 0.784375 0.01484375 0.02265625
1 0.28828125 0.78203125 0.01484375 0.02109375
1 0.3125 0.78515625 0.01484375 0.01875
1 0.33515625 0.78359375 0.01484375 0.02265625
1 0.35859375 0.78671875 0.01875 0.02265625
1 0.18671875 0.815625 0.01640625 0.01640625
1 0.209375 0.81484375 0.0125 0.02109375
1 0.23359375 0.81171875 0.01484375 0.02109375
1 0.25625 0.81484375 0.01875 0.02265625
1 0.28671875 0.8125 0.01484375 0.02265625
1 0.3125 0.8125 0.01640625 0.025
1 0.334375 0.815625 0.01640625 0.02109375
1 0.35703125 0.81171875 0.01484375 0.02109375
1 0.52265625 0.8 0.01640625 0.02734375
7 0.62578125 0.790625 0.0125 0.03125
7 0.64375 0.790625 0.01015625 0.02734375
7 0.78671875 0.790625 0.0125 0.02734375
7 0.803125 0.790625 0.01015625 0.02890625
7 0.86875 0.78671875 0.0125 0.025
0 0.778125 0.29921875 0.05859375 0.17734375
0 0.86171875 0.29921875 0.05234375 0.17109375
4 0.925 0.23359375 0.00859375 0.03359375
4 0.93671875 0.23671875 0.00859375 0.03359375
4 0.94765625 0.23671875 0.00859375 0.03359375
6 0.9125 0.41953125 0.01015625 0.02890625
6 0.81328125 0.31796875 0.00859375 0.0125
6 0.90078125 0.31484375 0.00859375 0.01484375
6 0.81484375 0.3375 0.0125 0.01640625
6 0.90234375 0.33046875 0.0125 0.01484375
2 0.79453125 0.20078125 0.01484375 0.01640625
2 0.88125 0.2 0.0125 0.01484375
2 0.93671875 0.19375 0.00859375 0.02890625
2 0.91328125 0.23046875 0.00859375 0.02734375
7 0.72109375 0.05234375 0.0125 0.025
7 0.7375 0.05390625 0.0125 0.02734375
7 0.75703125 0.053125 0.01015625 0.02734375
7 0.8 0.05390625 0.0125 0.02890625
7 0.81875 0.05390625 0.01015625 0.025
7 0.8625 0.053125 0.0125 0.02890625
7 0.88046875 0.05234375 0.01015625 0.02734375
7 0.75859375 0.0875 0.00859375 0.025
7 0.80078125 0.08671875 0.0125 0.025
7 0.81796875 0.08515625 0.0125 0.02734375
7 0.86328125 0.0875 0.0125 0.025
7 0.88046875 0.08828125 0.01484375 0.025
7 0.740625 0.11640625 0.0125 0.025
7 0.75703125 0.11640625 0.01015625 0.025
7 0.80078125 0.11640625 0.0125 0.02890625
7 0.81875 0.11796875 0.0125 0.02734375
7 0.86484375 0.11953125 0.0125 0.025
7 0.88046875 0.11953125 0.0125 0.025
7 0.72265625 0.15078125 0.0125 0.02890625
7 0.73984375 0.15390625 0.0125 0.02734375
7 0.75859375 0.15 0.01015625 0.02890625
7 0.80078125 0.153125 0.0125 0.025
7 0.81953125 0.15234375 0.01484375 0.03515625
7 0.86484375 0.15078125 0.01640625 0.02734375
7 0.88046875 0.15 0.0125 0.02890625
6 0.89609375 0.05390625 0.00625 0.01640625
6 0.89609375 0.084375 0.00625 0.01640625
6 0.89609375 0.11640625 0.00625 0.02265625
6 0.834375 0.0875 0.00625 0.02109375
6 0.84296875 0.0875 0.00859375 0.01875
1 0.8375 0.11953125 0.0125 0.01640625
1 0.775 0.11875 0.0125 0.01640625
6 0.721875 0.0875 0.0125 0.0125
6 0.771875 0.0875 0.00625 0.01875
6 0.78203125 0.08671875 0.00625 0.01640625
6 0.78984375 0.08671875 0.00859375 0.01640625
6 0.721875 0.11640625 0.0125 0.0125
7 0.08359375 0.72109375 0.01484375 0.02265625
7 0.10234375 0.72265625 0.01484375 0.02265625
7 0.11796875 0.72265625 0.01484375 0.02265625
7 0.13515625 0.72109375 0.01484375 0.025
7 0.153125 0.721875 0.01875 0.025
7 0.17109375 0.71953125 0.01640625 0.02734375
7 0.18671875 0.71953125 0.01484375 0.025
7 0.20390625 0.721875 0.01640625 0.025
7 0.221875 0.721875 0.01875 0.025
7 0.240625 0.72109375 0.01875 0.02890625
4 0.52265625 0.72265625 0.00625 0.0375
4 0.53671875 0.721875 0.00859375 0.03515625
7 0.25703125 0.72109375 0.01484375 0.025
7 0.27578125 0.71875 0.01640625 0.02734375
7 0.29296875 0.71875 0.01484375 0.02734375
7 0.31171875 0.71953125 0.01640625 0.02734375
7 0.328125 0.71875 0.01640625 0.02734375
7 0.34453125 0.71953125 0.01640625 0.02734375
7 0.359375 0.71875 0.01640625 0.02890625
7 0.38046875 0.71640625 0.01875 0.02890625
7 0.39921875 0.71796875 0.01875 0.03125
7 0.41484375 0.71796875 0.01484375 0.03359375
7 0.43203125 0.71640625 0.01484375 0.02734375
7 0.44921875 0.71875 0.01640625 0.02734375
7 0.465625 0.71640625 0.01875 0.02734375
7 0.484375 0.71953125 0.01875 0.02734375
2 0.509375 0.71328125 0.0125 0.01875
2 0.50859375 0.73671875 0.0125 0.01875
2 0.55078125 0.70859375 0.01484375 0.01875
6 0.546875 0.728125 0.00625 0.02109375
6 0.55546875 0.73359375 0.00859375 0.025
6 0.56484375 0.72890625 0.00625 0.02734375
6 0.08203125 0.74453125 0.0125 0.01875
6 0.1 0.74765625 0.01484375 0.01015625
6 0.11796875 0.746875 0.0125 0.0125
6 0.13515625 0.746875 0.0125 0.01640625
6 0.153125 0.746875 0.01484375 0.0125
6 0.17109375 0.74921875 0.01484375 0.01640625
6 0.18828125 0.746875 0.0125 0.0125
6 0.20625 0.74609375 0.01015625 0.0125
6 0.22421875 0.74609375 0.0125 0.01484375
6 0.240625 0.74921875 0.01484375 0.01640625
6 0.25859375 0.74453125 0.0125 0.01875
6 0.27578125 0.746875 0.01484375 0.01640625
6 0.29375 0.74453125 0.0125 0.0125
6 0.31015625 0.746875 0.0125 0.02109375
6 0.32890625 0.74453125 0.0125 0.0125
6 0.34609375 0.74609375 0.0125 0.0125
6 0.36328125 0.74453125 0.0125 0.00859375
6 0.37890625 0.74375 0.01015625 0.0125
6 0.39609375 0.74453125 0.01015625 0.0125
6 0.41484375 0.74453125 0.01484375 0.01640625
6 0.43359375 0.74609375 0.01015625 0.0125
6 0.44765625 0.746875 0.01484375 0.0125
6 0.46875 0.74609375 0.01640625 0.01484375
6 0.48515625 0.74453125 0.0125 0.01640625
7 0.13046875 0.11875 0.0125 0.03125
7 0.13046875 0.153125 0.01015625 0.02890625
7 0.19296875 0.08828125 0.01484375 0.03125
7 0.19140625 0.18671875 0.01015625 0.02734375
7 0.19140625 0.21796875 0.01015625 0.02734375
7 0.25625 0.05546875 0.0125 0.025
7 0.275 0.05078125 0.01015625 0.025
7 0.29296875 0.05390625 0.01015625 0.02890625
7 0.31015625 0.053125 0.01015625 0.02734375
7 0.328125 0.053125 0.0125 0.02734375
7 0.34609375 0.05390625 0.0125 0.025
7 0.27421875 0.0875 0.0125 0.03125
7 0.29296875 0.08515625 0.01015625 0.02734375
7 0.31015625 0.0875 0.0125 0.02734375
7 0.32578125 0.08515625 0.00859375 0.02265625
7 0.34453125 0.084375 0.0125 0.02265625
7 0.29296875 0.11953125 0.00859375 0.02265625
7 0.31015625 0.11796875 0.01015625 0.02890625
7 0.32578125 0.11875 0.0125 0.02734375
7 0.34453125 0.11953125 0.01015625 0.025
7 0.27265625 0.15078125 0.01015625 0.02890625
7 0.290625 0.15546875 0.01015625 0.02734375
7 0.309375 0.15546875 0.01015625 0.03359375
7 0.32734375 0.15546875 0.01015625 0.025
7 0.34609375 0.15234375 0.01015625 0.02734375
7 0.32578125 0.184375 0.00859375 0.02734375
7 0.34375 0.18515625 0.01015625 0.02734375
7 0.25390625 0.21953125 0.0125 0.03359375
7 0.271875 0.21953125 0.01015625 0.02734375
7 0.28984375 0.21953125 0.0125 0.02734375
7 0.30859375 0.21796875 0.01015625 0.02734375
7 0.32578125 0.21875 0.01015625 0.02734375
7 0.34453125 0.21796875 0.0125 0.025
7 0.27265625 0.25390625 0.0125 0.025
7 0.30859375 0.25234375 0.01015625 0.02734375
7 0.34375 0.25234375 0.0125 0.02890625
7 0.425 0.05 0.0125 0.03125
7 0.44296875 0.04921875 0.01015625 0.03359375
7 0.42421875 0.08515625 0.0125 0.02734375
7 0.44375 0.08359375 0.01015625 0.025
7 0.42421875 0.11796875 0.0125 0.02734375
7 0.44296875 0.11875 0.01015625 0.02734375
7 0.42421875 0.14921875 0.01015625 0.02890625
7 0.44375 0.14921875 0.0125 0.02734375
7 0.42265625 0.18203125 0.01484375 0.02734375
7 0.44296875 0.18359375 0.0125 0.03359375
7 0.42265625 0.215625 0.0125 0.02890625
7 0.44296875 0.215625 0.01015625 0.03125
7 0.42421875 0.25234375 0.01484375 0.03359375
7 0.44140625 0.25 0.01484375 0.03359375
7 0.40625 0.25234375 0.0125 0.02734375
7 0.5375 0.05078125 0.0125 0.02890625
7 0.55546875 0.053125 0.0125 0.03125
7 0.55546875 0.08359375 0.01015625 0.025
7 0.55546875 0.11484375 0.00859375 0.02734375
7 0.59140625 0.084375 0.0125 0.025
7 0.609375 0.05078125 0.01015625 0.02890625
7 0.59296875 0.11484375 0.01015625 0.02734375
7 0.61015625 0.08359375 0.00859375 0.03359375
7 0.61015625 0.11640625 0.0125 0.02890625
7 0.61171875 0.14609375 0.01015625 0.02734375
7 0.61171875 0.18125 0.0125 0.03359375
7 0.63828125 0.08984375 0.01484375 0.04140625
2 0.55859375 0.16171875 0.0125 0.02890625
2 0.5 0.06875 0.01484375 0.01484375
2 0.57734375 0.16328125 0.00859375 0.03515625
5 0.51640625 0.14453125 0.05234375 0.1
6 0.56875 0.05234375 0.00625 0.02265625
6 0.56875 0.08203125 0.00625 0.01875
6 0.56875 0.115625 0.00859375 0.01640625
6 0.65078125 0.08203125 0.00859375 0.01875
6 0.45546875 0.05078125 0.00859375 0.02265625
6 0.45625 0.084375 0.00859375 0.02109375
6 0.45625 0.11796875 0.00625 0.01875
6 0.45625 0.15078125 0.00859375 0.01875
6 0.45703125 0.18203125 0.00859375 0.02109375
6 0.45625 0.21328125 0.00625 0.01640625
6 0.45703125 0.24609375 0.00859375 0.02265625
2 0.40625 0.278125 0.01484375 0.01484375
6 0.42421875 0.27734375 0.0125 0.0125
6 0.14609375 0.05546875 0.00859375 0.03125
6 0.14609375 0.08671875 0.01015625 0.02265625
6 0.14609375 0.12265625 0.01015625 0.02734375
6 0.14375 0.15 0.00625 0.01640625
6 0.14375 0.184375 0.01015625 0.01875
6 0.14453125 0.21640625 0.00625 0.02109375
6 0.20625 0.0875 0.01015625 0.025
6 0.20546875 0.18203125 0.00625 0.02109375
6 0.20546875 0.21640625 0.00859375 0.02734375
6 0.359375 0.04921875 0.01015625 0.02109375
6 0.36015625 0.08515625 0.00859375 0.01875
6 0.35703125 0.12109375 0.00859375 0.02109375
6 0.35859375 0.15 0.01015625 0.01875
6 0.359375 0.184375 0.01015625 0.02109375
6 0.359375 0.21484375 0.00859375 0.01875
6 0.35703125 0.25 0.01015625 0.02109375
6 0.28515625 0.25546875 0.00859375 0.01875
6 0.32421875 0.25546875 0.01015625 0.02265625
6 0.62421875 0.053125 0.00625 0.02734375
6 0.62421875 0.08515625 0.00625 0.025
6 0.62421875 0.1125 0.00625 0.02265625
6 0.62421875 0.146875 0.00859375 0.025