5 0.65390625 0.525 0.18359375 0.17734375
0 0.46953125 0.46953125 0.25234375 0.22109375
3 0.13359375 0.2625 0.19609375 0.2
7 0.284375 0.31875 0.05859375 0.0625
3 0.84921875 0.6625 0.26015625 0.2125
6 0.37578125 0.36796875 0.05234375 0.03359375
2 0.33984375 0.35 0.04375 0.03984375
6 0.30625 0.44453125 0.04609375 0.04609375
6 0.26875 0.42890625 0.03984375 0.03359375
6 0.19375 0.38046875 0.04609375 0.04765625
6 0.46015625 0.603125 0.06484375 0.05390625
6 0.37890625 0.56171875 0.05625 0.03984375
6 0.31328125 0.521875 0.04609375 0.0375
1 0.23046875 0.40703125 0.04375 0.04140625