1 0.44765625 0.74296875 0.04375 0.05859375
1 0.49765625 0.740625 0.04140625 0.05234375
1 0.55 0.74375 0.04375 0.05390625
2 0.5 0.64140625 0.02734375 0.01640625
2 0.53984375 0.64140625 0.03359375 0.01640625
2 0.45234375 0.60703125 0.025 0.0125
2 0.49765625 0.60703125 0.025 0.01484375
2 0.540625 0.60859375 0.02734375 0.01484375
2 0.45390625 0.575 0.02890625 0.01640625
2 0.49765625 0.575 0.02734375 0.01640625
2 0.53984375 0.57265625 0.025 0.0125
2 0.49765625 0.53984375 0.02265625 0.0125
6 0.44140625 0.33203125 0.01015625 0.01484375
6 0.45859375 0.33125 0.01015625 0.01484375
6 0.47421875 0.33125 0.01015625 0.01484375
6 0.54765625 0.36875 0.01484375 0.02265625
2 0.52109375 0.36796875 0.01875 0.025
3 0.49765625 0.2375 0.11875 0.07890625