0 0.296875 0.31796875 0.20859375 0.17265625
4 0.04375 0.50234375 0.03125 0.17734375
4 0.17421875 0.15625 0.02734375 0.17890625
4 0.38359375 0.175 0.07734375 0.05
6 0.07734375 0.52734375 0.02890625 0.28515625
6 0.11640625 0.53828125 0.03125 0.3125
6 0.159375 0.76875 0.02890625 0.20859375
6 0.203125 0.75859375 0.02890625 0.21640625
6 0.253125 0.68828125 0.02734375 0.22734375
6 0.45 0.16875 0.03984375 0.15390625
6 0.41796875 0.33203125 0.02109375 0.10859375
6 0.453125 0.34375 0.02890625 0.13125
6 0.459375 0.47734375 0.02890625 0.12109375
6 0.25546875 0.478125 0.04609375 0.05859375
2 0.24375 0.14453125 0.07890625 0.17890625
5 0.30703125 0.11796875 0.04765625 0.19375