3 0.2453125 0.43515625 0.228125 0.4953125
4 0.6875 0.38359375 0.059375 0.09375
4 0.62734375 0.66796875 0.0578125 0.1
3 0.8359375 0.68203125 0.0890625 0.140625
3 0.87265625 0.4546875 0.0796875 0.175
1 0.8140625 0.30390625 0.0359375 0.0609375
1 0.715625 0.7953125 0.046875 0.0640625
6 0.68359375 0.70546875 0.040625 0.06875
6 0.7296875 0.7140625 0.0484375 0.0703125
6 0.7484375 0.3734375 0.040625 0.0671875
6 0.79765625 0.38046875 0.040625 0.06875
7 0.71640625 0.28203125 0.0609375 0.059375
0 0.75 0.49765625 0.1375 0.1
0 0.73359375 0.584375 0.15 0.115625
7 0.61328125 0.76953125 0.0703125 0.075