5 0.52734375 0.69375 0.38515625 0.18125
7 0.21953125 0.60078125 0.1125 0.05859375
1 0.69453125 0.89296875 0.14609375 0.08515625
2 0.22578125 0.86875 0.1125 0.10234375
0 0.45703125 0.46875 0.25625 0.12265625
0 0.77265625 0.51328125 0.12265625 0.075
1 0.12421875 0.428125 0.11640625 0.03359375
6 0.240625 0.44296875 0.04375 0.06015625
6 0.321875 0.321875 0.09765625 0.05
6 0.61875 0.31328125 0.08359375 0.04609375
6 0.51328125 0.059375 0.13359375 0.04765625
6 0.51171875 0.14765625 0.13125 0.04140625
6 0.92734375 0.425 0.09140625 0.03515625
6 0.83359375 0.88359375 0.06875 0.07109375
6 0.34140625 0.896875 0.06015625 0.06484375
6 0.440625 0.89453125 0.05859375 0.075
6 0.534375 0.89609375 0.05859375 0.075
2 0.24453125 0.521875 0.05234375 0.05234375
2 0.646875 0.44296875 0.04375 0.05625
2 0.79609375 0.42265625 0.09765625 0.0375
2 0.64375 0.52109375 0.05 0.07109375
2 0.81875 0.640625 0.06875 0.07890625
2 0.82421875 0.74140625 0.06484375 0.07109375
2 0.2 0.734375 0.05234375 0.06640625