1 0.07265625 0.12265625 0.1453125 0.1296875
1 0.3983551359375 0.1104073640625 0.38549809218750003 0.022926985937499998 0.195353625 0.051720003125000004 0.18901220000000002 0.055811171874999996 0.20431446250000002 0.13981748125 0.3983551359375 0.1104073640625
1 0.5051958671875 0 0.4949527234375 0.0016223546875000002 0.457577909375 0.0115106640625 0.4710683390625 0.096685878125 0.48824041874999996 0.097934809375 0.6613490734374999 0.06875321718750001 0.6544334546874999 0 0.5051958671875 0
1 0.82421875 0.03359375 0.2171875 0.0671875
1 0.07734375 0.24140625 0.1546875 0.1203125
1 0.31484375 0.20625 0.215625 0.1265625
1 0.08984375 0.3640625 0.1796875 0.125
1 0.09453125 0.4796875 0.1890625 0.115625
1 0.3546875 0.43515625 0.2140625 0.121875
1 0.334375 0.31953125 0.215625 0.1203125
1 0.5984375 0.27578125 0.2046875 0.11875
1 0.85859375 0.2375 0.2203125 0.121875
1 0.84609375 0.121875 0.209375 0.1203125
1 0.58828125 0.1609375 0.2265625 0.1234375
1 0.62109375 0.39140625 0.1984375 0.1140625
1 0.8828125 0.35078125 0.209375 0.1265625
2 0.72421875 0.6578125 0.171875 0.0875
2 0.3609375 0.925 0.178125 0.0859375
2 0.7328125 0.76796875 0.165625 0.0765625
6 0.70703125 0.58359375 0.0984375 0.0375
6 0.70703125 0.85234375 0.10625 0.0453125
0 0.36015625 0.7953125 0.2609375 0.165625
6 0.15859375 0.0671875 0.034375 0.0265625
6 0.16640625 0.10703125 0.0265625 0.0265625
6 0.1734375 0.18046875 0.0265625 0.028125
6 0.18125 0.2203125 0.0328125 0.0265625
6 0.44765625 0.16328125 0.0359375 0.0265625
6 0.434375 0.04765625 0.05 0.0296875
6 0.70703125 0.10234375 0.0296875 0.025
6 0.721875 0.215625 0.0375 0.0359375
6 0.4640625 0.27890625 0.040625 0.028125
6 0.1953125 0.3015625 0.0484375 0.0359375
6 0.20078125 0.3421875 0.0375 0.0296875
6 0.2140625 0.41328125 0.0265625 0.0203125
6 0.2171875 0.459375 0.0328125 0.03125
6 0.484375 0.39921875 0.0359375 0.0359375
6 0.74296875 0.34140625 0.03125 0.0328125
6 0.52421875 0.7515625 0.034375 0.0234375
6 0.5328125 0.78984375 0.034375 0.025
2 0.16875 0.1484375 0.021875 0.025
2 0.43125 0.08046875 0.025 0.0203125
2 0.69296875 0.0234375 0.0296875 0.0234375
2 0.7 0.059375 0.034375 0.0234375
2 0.45 0.196875 0.0296875 0.0234375
2 0.7109375 0.13984375 0.0296875 0.0234375
2 0.7140625 0.17265625 0.0296875 0.025
2 0.1890625 0.26015625 0.0234375 0.01875
2 0.46484375 0.3125 0.028125 0.028125
2 0.728125 0.2578125 0.0328125 0.0265625
2 0.73046875 0.290625 0.0375 0.0234375
2 0.20390625 0.38125 0.034375 0.0265625
2 0.4890625 0.43125 0.0296875 0.0234375
2 0.7484375 0.375 0.025 0.025
2 0.75078125 0.40859375 0.0328125 0.0265625
2 0.2296875 0.49453125 0.028125 0.025