3 0.50703125 0.1734375 0.9859375 0.346875
4 0.22109375 0.3796875 0.09375 0.0953125
2 0.3453125 0.39765625 0.0578125 0.0640625
2 0.51484375 0.36328125 0.0859375 0.0265625
2 0.74921875 0.51640625 0.0859375 0.025
2 0.56640625 0.47578125 0.0703125 0.0203125
2 0.43125 0.62421875 0.0609375 0.0171875
2 0.53125 0.634375 0.0359375 0.0328125
2 0.36015625 0.69921875 0.065625 0.0203125
2 0.61328125 0.71796875 0.0640625 0.0234375
2 0.35 0.80390625 0.0703125 0.0234375
2 0.60625 0.82109375 0.06875 0.03125
6 0.47578125 0.4046875 0.046875 0.0375
6 0.53828125 0.40859375 0.034375 0.04375
6 0.74765625 0.55078125 0.0796875 0.028125
6 0.7546875 0.48125 0.0671875 0.025
6 0.44375 0.915625 0.078125 0.028125
6 0.6703125 0.9609375 0.071875 0.0265625
1 0.27265625 0.93203125 0.0796875 0.0296875
0 0.49765625 0.546875 0.284375 0.109375
0 0.35703125 0.75 0.090625 0.05625
0 0.6125 0.76796875 0.090625 0.053125