4 0.9296875 0.1515625 0.140625 0.1625
2 0.41171875 0.0359375 0.0828125 0.071875
2 0.66015625 0.25625 0.08125 0.06875
0 0.5421875 0.121875 0.1671875 0.1203125
7 0.31875 0.25078125 0.1046875 0.090625
7 0.30078125 0.37890625 0.1140625 0.096875
7 0.30703125 0.51484375 0.0890625 0.0765625
7 0.303125 0.65 0.1078125 0.078125
7 0.27734375 0.78046875 0.1109375 0.0828125
7 0.25546875 0.90703125 0.1171875 0.0875
6 0.4890625 0.3375 0.0828125 0.0625
6 0.47265625 0.4390625 0.0734375 0.0703125
6 0.45859375 0.55859375 0.071875 0.071875
6 0.4359375 0.6875 0.0796875 0.0765625
6 0.4375 0.8078125 0.075 0.0625
6 0.43046875 0.934375 0.0703125 0.0734375
6 0.7546875 0.21953125 0.0984375 0.053125