3 0.49921875 0.11796875 0.375 0.23359375
0 0.49296875 0.58359375 0.22265625 0.14375
0 0.48984375 0.32890625 0.125 0.08984375
2 0.24296875 0.9 0.17890625 0.075
6 0.4875 0.89296875 0.1 0.03359375
6 0.728125 0.89375 0.11875 0.04375
6 0.453125 0.74921875 0.05390625 0.06640625
6 0.5375 0.75 0.05 0.0625
6 0.69765625 0.53828125 0.03515625 0.04765625
6 0.76875 0.53828125 0.04140625 0.05
6 0.69609375 0.62421875 0.03515625 0.05390625
6 0.76328125 0.62890625 0.04765625 0.05234375
1 0.73671875 0.80078125 0.10625 0.03984375
1 0.24375 0.79765625 0.11640625 0.04375
1 0.86171875 0.08515625 0.10390625 0.03984375
1 0.1125 0.08125 0.11640625 0.04375
6 0.11171875 0.16953125 0.07109375 0.025
6 0.35546875 0.31484375 0.05625 0.06015625
2 0.71875 0.3125 0.0625 0.05625
2 0.203125 0.53984375 0.03984375 0.04765625
2 0.2875 0.53828125 0.04609375 0.04765625
2 0.20859375 0.628125 0.03515625 0.05625
2 0.28515625 0.628125 0.04140625 0.04765625
6 0.86640625 0.16640625 0.07109375 0.02109375