3 0.075 0.49921875 0.15 0.37734375
3 0.915625 0.50390625 0.13125 0.44609375
0 0.4802707375 0.8103099734375 0.611319125 0.5020215625 0.4773905515625 0.166778975 0.3398617515625 0.4784366578125 0.4802707375 0.8103099734375
7 0.77734375 0.4125 0.03984375 0.125
1 0.784375 0.70859375 0.05625 0.06015625
1 0.78671875 0.290625 0.05234375 0.05234375
0 0.21171875 0.49140625 0.04765625 0.11484375
4 0.18515625 0.31875 0.04140625 0.05625
2 0.19375 0.378125 0.01640625 0.03359375
2 0.19296875 0.57734375 0.01875 0.025
6 0.19296875 0.61953125 0.01875 0.02734375
6 0.19296875 0.6625 0.01875 0.025
6 0.19453125 0.70546875 0.02109375 0.03359375
6 0.73125 0.46875 0.01875 0.03515625
6 0.58828125 0.27265625 0.02265625 0.02734375
2 0.73203125 0.39765625 0.01484375 0.05390625
2 0.63203125 0.26640625 0.00859375 0.05
2 0.63359375 0.33671875 0.00859375 0.03515625
2 0.646875 0.4625 0.0125 0.05859375
2 0.64609375 0.52890625 0.00859375 0.03984375
2 0.67734375 0.49453125 0.03359375 0.13359375
2 0.3719552328125 0.2714670765625 0.3814186953125 0.2531767421875 0.36660632031249996 0.2242972671875 0.3596115875 0.2425876015625 0.3719552328125 0.2714670765625
2 0.3464450296875 0.3783211390625 0.3530283078125 0.35714285625 0.34233048125 0.3253754328125 0.3332784734375 0.3465537171875 0.3464450296875 0.3783211390625
2 0.5575213953125 0.26569118125 0.56575049375 0.25221409375000003 0.55628703125 0.2175587203125 0.5460006578125001 0.23584905625000002 0.5575213953125 0.26569118125
2 0.4332620140625 0.8259530234374999 0.43984529375000003 0.8076626875 0.4295589203125 0.7787832109374999 0.42215273125 0.7922602999999999 0.4332620140625 0.8259530234374999
2 0.6295260046875 0.64882556875 0.6389894671875 0.6257219875 0.6254114546875 0.5958798609375 0.6147136265625 0.61705814375 0.6295260046875 0.64882556875
6 0.3159973671875 0.2233346171875 0.3262837390625 0.20504428125000002 0.3118828171875 0.1703889109375 0.30365371875 0.1867539453125 0.3159973671875 0.2233346171875
2 0.58984375 0.30625 0.025 0.02265625