7 0.325 0.10625 0.08984375 0.13125
7 0.32265625 0.28984375 0.06640625 0.10234375
7 0.571875 0.10546875 0.06015625 0.10390625
7 0.56171875 0.2875 0.05859375 0.10390625
7 0.315625 0.521875 0.05390625 0.10625
7 0.56328125 0.51796875 0.07109375 0.1125
7 0.32109375 0.69921875 0.05390625 0.10625
7 0.57109375 0.69453125 0.05625 0.12734375
7 0.32890625 0.928125 0.05390625 0.11875
7 0.57265625 0.92421875 0.05234375 0.1125
6 0.82578125 0.1125 0.07890625 0.04375
6 0.81484375 0.3 0.06015625 0.04140625
6 0.82265625 0.509375 0.06015625 0.05
6 0.81640625 0.68203125 0.08125 0.05234375
6 0.81640625 0.81015625 0.08359375 0.06484375
2 0.82265625 0.94140625 0.08125 0.06484375
2 0.17109375 0.78828125 0.10625 0.06640625