3 0.478125 0.43125 0.33984375 0.14609375
3 0.37734375 0.84609375 0.18359375 0.1
3 0.65078125 0.83671875 0.17109375 0.08125
1 0.38203125 0.68203125 0.04765625 0.05390625
1 0.51171875 0.67890625 0.0625 0.07265625
1 0.628125 0.678125 0.06640625 0.06640625
1 0.7625 0.68984375 0.06640625 0.06875
4 0.38046875 0.615625 0.03125 0.07109375
4 0.50859375 0.61484375 0.03515625 0.05234375
4 0.634375 0.61796875 0.04375 0.06484375
4 0.75625 0.6125 0.04609375 0.06484375
1 0.70234375 0.41953125 0.06015625 0.07109375
6 0.70390625 0.46171875 0.0625 0.04375
6 0.38046875 0.74609375 0.04140625 0.07265625
6 0.50859375 0.74921875 0.03359375 0.07890625
6 0.62734375 0.73984375 0.04140625 0.0625
6 0.75234375 0.74296875 0.03984375 0.05390625