5 0.36328125 0.39375 0.06015625 0.04765625
0 0.290625 0.38828125 0.0625 0.03359375
0 0.22890625 0.453125 0.03515625 0.04140625
0 0.26484375 0.45234375 0.0375 0.04375
0 0.29765625 0.45078125 0.02734375 0.04609375
0 0.33359375 0.44765625 0.0375 0.04140625
6 0.23203125 0.51796875 0.025 0.03359375
6 0.265625 0.51875 0.025 0.03359375
6 0.29921875 0.51796875 0.02890625 0.03125
6 0.32890625 0.51640625 0.03125 0.03515625
3 0.30390625 0.57734375 0.18125 0.06640625
0 0.38046875 0.52109375 0.04140625 0.03125
2 0.371875 0.478125 0.04375 0.04609375
6 0.23125 0.390625 0.03359375 0.025
3 0.45625 0.58046875 0.09140625 0.07109375
2 0.43515625 0.515625 0.0625 0.05
4 0.48125 0.515625 0.02734375 0.04375
0 0.51796875 0.45234375 0.03515625 0.04375
0 0.553125 0.45390625 0.03515625 0.04765625
0 0.5875 0.453125 0.03359375 0.04609375
0 0.62109375 0.45390625 0.0375 0.04609375
0 0.57890625 0.38828125 0.05390625 0.03515625
5 0.65 0.39375 0.0625 0.04609375
6 0.51953125 0.38984375 0.03359375 0.02109375
6 0.52109375 0.51796875 0.02265625 0.03515625
6 0.55390625 0.52109375 0.025 0.03984375
6 0.58515625 0.51875 0.02734375 0.03125
6 0.61953125 0.51875 0.025 0.03359375
0 0.66640625 0.521875 0.04765625 0.02734375
2 0.66640625 0.484375 0.05234375 0.0375
2 0.60078125 0.41171875 0.01875 0.01015625
3 0.59140625 0.57578125 0.18515625 0.06484375
2 0.31171875 0.41015625 0.03125 0.01015625
2 0.721875 0.5125 0.05625 0.05859375
4 0.76796875 0.51484375 0.03125 0.04765625
3 0.74140625 0.57734375 0.09765625 0.075
6 0.521875 0.48828125 0.025 0.0125
6 0.553125 0.48984375 0.025 0.01875
6 0.58515625 0.48984375 0.025 0.0125
6 0.621875 0.49140625 0.02734375 0.01484375
6 0.22890625 0.4875 0.03125 0.0125
6 0.26328125 0.48828125 0.02265625 0.0125
6 0.29765625 0.48984375 0.025 0.01640625
6 0.33203125 0.48984375 0.02734375 0.0125