1 0.23359375 0.1375 0.19375 0.18984375
1 0.42734375 0.14296875 0.19609375 0.175
1 0.696875 0.03671875 0.05234375 0.04765625
1 0.77421875 0.03359375 0.05625 0.04765625
1 0.69453125 0.103125 0.04765625 0.05625
1 0.77578125 0.103125 0.05625 0.05625
1 0.696875 0.175 0.05 0.04765625
1 0.77578125 0.18046875 0.04375 0.04765625
1 0.69921875 0.24765625 0.04375 0.04140625
1 0.77578125 0.25 0.05859375 0.05
0 0.28984375 0.78671875 0.10859375 0.08359375
0 0.475 0.78125 0.11875 0.11640625
0 0.70234375 0.78046875 0.12109375 0.11484375
0 0.69296875 0.5625 0.15625 0.09609375
7 0.046875 0.28671875 0.03984375 0.04375
7 0.09375 0.28671875 0.03515625 0.04765625
7 0.13984375 0.28203125 0.03984375 0.04140625
7 0.18828125 0.28515625 0.03125 0.03359375
2 0.059375 0.353125 0.01875 0.02890625
2 0.18984375 0.42734375 0.02265625 0.03515625
2 0.21328125 0.47890625 0.02265625 0.03515625
2 0.26015625 0.690625 0.01640625 0.0375
2 0.215625 0.76953125 0.0125 0.02890625
2 0.36875 0.76875 0.0125 0.03515625
2 0.58359375 0.77578125 0.01484375 0.03984375
2 0.52265625 0.65859375 0.0125 0.03984375
2 0.61328125 0.66640625 0.02109375 0.03359375
6 0.08359375 0.35234375 0.01640625 0.03515625
6 0.115625 0.35703125 0.01484375 0.03359375
6 0.14296875 0.35703125 0.01484375 0.03515625
6 0.17265625 0.35859375 0.01640625 0.03515625
6 0.20078125 0.359375 0.02109375 0.03515625
6 0.35390625 0.67578125 0.02890625 0.02265625
6 0.27734375 0.88671875 0.01484375 0.03359375
6 0.50859375 0.89375 0.01875 0.0375
6 0.590625 0.8875 0.0125 0.03125
6 0.62421875 0.89375 0.0125 0.03125
6 0.65234375 0.89140625 0.01875 0.03359375
6 0.68203125 0.890625 0.01875 0.0375
6 0.71484375 0.89375 0.01875 0.0375
6 0.75390625 0.89296875 0.02109375 0.03125
6 0.59140625 0.30546875 0.01015625 0.03359375
6 0.61875 0.30078125 0.0125 0.03515625
6 0.64140625 0.30390625 0.01640625 0.02890625
6 0.665625 0.30078125 0.0125 0.02890625
6 0.68671875 0.30234375 0.0125 0.02734375
6 0.71328125 0.303125 0.01640625 0.03359375
6 0.734375 0.30078125 0.0125 0.02890625
6 0.75390625 0.3 0.01875 0.03359375
6 0.78125 0.30078125 0.01875 0.02734375
0 0.37734375 0.521875 0.21640625 0.22265625