4 0.52578125 0.26875 0.0375 0.17265625
4 0.071875 0.25 0.08984375 0.06875
1 0.13984375 0.91171875 0.04765625 0.05
1 0.546875 0.66640625 0.04609375 0.04765625
3 0.06484375 0.53125 0.12109375 0.43984375
3 0.93828125 0.47421875 0.11640625 0.45625
7 0.540625 0.45390625 0.05 0.09140625
0 0.23671875 0.68828125 0.16015625 0.14765625
0 0.41953125 0.60078125 0.08984375 0.1875
0 0.68828125 0.60625 0.06640625 0.12890625
6 0.16875 0.540625 0.04140625 0.04375
6 0.28515625 0.546875 0.03515625 0.0375
6 0.54140625 0.540625 0.03125 0.04375
6 0.54453125 0.60546875 0.03125 0.03984375
2 0.75 0.63515625 0.02265625 0.075
2 0.78671875 0.63671875 0.025 0.07265625
6 0.13828125 0.84765625 0.0375 0.05234375
6 0.72421875 0.90390625 0.04375 0.05390625