0 0.50625 0.48515625 0.1578125 0.171875
5 0.3640625 0.4875 0.1234375 0.15
3 0.22265625 0.55 0.1484375 0.1703125
7 0.66875 0.4359375 0.0515625 0.0515625
1 0.69140625 0.4984375 0.034375 0.053125
6 0.66171875 0.5015625 0.03125 0.0671875
6 0.63203125 0.50625 0.0296875 0.053125
6 0.60078125 0.51171875 0.0265625 0.0609375
6 0.62734375 0.5765625 0.0546875 0.040625
6 0.5625 0.5921875 0.0546875 0.040625
6 0.49609375 0.60546875 0.059375 0.040625
6 0.62265625 0.43046875 0.0265625 0.0625
2 0.58828125 0.43125 0.0296875 0.053125
3 0.76484375 0.42734375 0.15 0.1328125