4 0.16875 0.784375 0.05234375 0.2
4 0.36484375 0.6625 0.04140625 0.15390625
4 0.928125 0.56484375 0.05390625 0.175
4 0.79921875 0.315625 0.05859375 0.16640625
1 0.753125 0.675 0.02734375 0.09609375
1 0.46796875 0.59296875 0.025 0.10625
6 0.37890625 0.43125 0.10625 0.10390625
6 0.275 0.49375 0.04375 0.04140625
6 0.41484375 0.58671875 0.02109375 0.09375
6 0.415625 0.84609375 0.04765625 0.04609375
6 0.41484375 0.91015625 0.04375 0.04765625
6 0.76953125 0.51171875 0.02265625 0.09375
6 0.846875 0.48515625 0.05 0.04609375
6 0.84921875 0.61171875 0.05234375 0.04609375
6 0.81328125 0.69375 0.02734375 0.08984375
6 0.853125 0.7125 0.02734375 0.1
7 0.9 0.70859375 0.04375 0.08984375
7 0.4125 0.74921875 0.04609375 0.08515625
0 0.271875 0.7125 0.09765625 0.29765625
0 0.60703125 0.59921875 0.14765625 0.53984375
3 0.91875 0.33671875 0.16015625 0.2
3 0.790625 0.87578125 0.18984375 0.21484375
2 0.725 0.51328125 0.02265625 0.09375
2 0.05 0.584375 0.03515625 0.10234375
2 0.46953125 0.74296875 0.02734375 0.08359375
2 0.84765625 0.55078125 0.04140625 0.05