6 0.39296875 0.56171875 0.11640625 0.07890625
4 0.11640625 0.85546875 0.04609375 0.06015625
4 0.11875 0.92578125 0.04765625 0.075
4 0.065625 0.88359375 0.03125 0.14140625
4 0.04140625 0.45 0.02109375 0.10859375
2 0.08671875 0.42734375 0.01875 0.075
2 0.06484375 0.47265625 0.0125 0.04765625
6 0.06328125 0.42109375 0.0125 0.04609375
6 0.08984375 0.48828125 0.02265625 0.03359375
0 0.15859375 0.50859375 0.05625 0.20625
6 0.22890625 0.76484375 0.025 0.04140625
6 0.23515625 0.590625 0.01015625 0.05859375
6 0.21875 0.52890625 0.0125 0.06015625
2 0.23203125 0.515625 0.0125 0.05625
2 0.178125 0.70234375 0.05625 0.125
6 0.259375 0.70625 0.02890625 0.03984375
6 0.28984375 0.7625 0.03125 0.05