3 0.23125 0.14609375 0.25390625 0.17890625
3 0.10390625 0.72265625 0.09140625 0.04375
3 0.10390625 0.77109375 0.0875 0.0375
3 0.10546875 0.81484375 0.08984375 0.05234375
3 0.48984375 0.140625 0.24375 0.17734375
3 0.74921875 0.14921875 0.24140625 0.18359375
4 0.22890625 0.721875 0.04375 0.1
4 0.42578125 0.71875 0.03125 0.09375
4 0.63046875 0.725 0.03515625 0.08984375
4 0.86171875 0.75234375 0.075 0.03515625
4 0.925 0.79609375 0.03515625 0.1125
7 0.36875 0.73984375 0.04609375 0.075
7 0.57109375 0.73828125 0.04609375 0.07109375
7 0.76875 0.734375 0.03984375 0.07109375
6 0.36953125 0.67734375 0.04140625 0.0375
6 0.23046875 0.803125 0.04140625 0.02734375
6 0.23046875 0.83671875 0.03359375 0.02734375
6 0.42890625 0.803125 0.0375 0.025
6 0.43046875 0.83828125 0.0375 0.02734375
6 0.56640625 0.678125 0.03984375 0.02890625
6 0.765625 0.67734375 0.03984375 0.02890625
6 0.878125 0.690625 0.02265625 0.04375
6 0.62578125 0.80390625 0.03515625 0.01875
6 0.62578125 0.83828125 0.03515625 0.025
1 0.36953125 0.80546875 0.04765625 0.02734375
1 0.56640625 0.80390625 0.04375 0.02734375
1 0.765625 0.80546875 0.04375 0.025
0 0.30234375 0.75546875 0.07109375 0.14609375
0 0.50078125 0.75546875 0.07265625 0.15234375
0 0.696875 0.76171875 0.06875 0.1625
1 0.92578125 0.70859375 0.05 0.03125
2 0.82578125 0.68828125 0.025 0.04765625
2 0.853125 0.69453125 0.01875 0.04765625