0 0.68984375 0.30390625 0.2203125 0.1875
4 0.95546875 0.4703125 0.04375 0.1796875
4 0.80078125 0.134375 0.0390625 0.1796875
4 0.59375 0.16796875 0.08125 0.0546875
6 0.9234375 0.49765625 0.0484375 0.2859375
6 0.88515625 0.51171875 0.053125 0.3140625
6 0.85859375 0.74453125 0.04375 0.209375
6 0.8140625 0.7375 0.04375 0.2171875
6 0.759375 0.6703125 0.04375 0.228125
6 0.5265625 0.16640625 0.05 0.15625
6 0.5703125 0.3265625 0.028125 0.109375
6 0.5359375 0.340625 0.0375 0.1328125
6 0.5390625 0.47421875 0.0375 0.1234375
6 0.7421875 0.4609375 0.05 0.0609375
2 0.73046875 0.12734375 0.090625 0.184375
5 0.665625 0.10546875 0.0609375 0.196875