3 0.175 0.08203125 0.26484375 0.11875
3 0.47578125 0.08359375 0.24609375 0.11484375
3 0.790625 0.15390625 0.28125 0.3078125
4 0.10078125 0.43125 0.075 0.08359375
4 0.21171875 0.434375 0.06484375 0.07890625
4 0.33046875 0.43046875 0.07265625 0.07109375
4 0.45234375 0.43359375 0.05390625 0.075
4 0.56875 0.434375 0.07109375 0.07734375
4 0.675 0.428125 0.06875 0.06640625
4 0.79296875 0.42734375 0.075 0.07265625
4 0.90703125 0.43203125 0.06875 0.07109375
2 0.05234375 0.34375 0.05 0.03359375
2 0.17421875 0.34609375 0.04140625 0.03515625
2 0.290625 0.34296875 0.03359375 0.02734375
2 0.409375 0.34140625 0.03515625 0.03359375
2 0.53203125 0.34296875 0.03515625 0.03125
2 0.65390625 0.34140625 0.03984375 0.02734375
2 0.77421875 0.340625 0.04375 0.02890625
2 0.89375 0.340625 0.04609375 0.03359375
2 0.17265625 0.50859375 0.075 0.02265625
2 0.171875 0.53515625 0.07265625 0.02109375
2 0.16953125 0.559375 0.06484375 0.01640625
2 0.16796875 0.58046875 0.06484375 0.02109375
2 0.165625 0.60625 0.06875 0.0125
2 0.928125 0.53515625 0.075 0.01875
2 0.73359375 0.51640625 0.05 0.02890625
2 0.92265625 0.56015625 0.0625 0.01640625
2 0.91796875 0.58671875 0.08515625 0.02109375
2 0.81875 0.63671875 0.07734375 0.01875
2 0.81875 0.68203125 0.07109375 0.01640625
2 0.79296875 0.72890625 0.06875 0.01875
2 0.79609375 0.75234375 0.08359375 0.02109375
2 0.21328125 0.72734375 0.07890625 0.01875
2 0.21171875 0.77265625 0.075 0.02109375
2 0.30390625 0.94453125 0.09765625 0.02734375
2 0.81484375 0.93046875 0.05625 0.03984375
0 0.6875 0.93203125 0.11640625 0.05
0 0.50390625 0.61953125 0.45234375 0.20390625
6 0.11171875 0.34140625 0.03359375 0.04140625
6 0.23359375 0.33984375 0.03515625 0.03515625
6 0.35390625 0.34140625 0.04375 0.03359375
6 0.475 0.33984375 0.05 0.02734375
6 0.59453125 0.34140625 0.04375 0.03359375
6 0.71484375 0.33828125 0.04609375 0.02734375
6 0.83125 0.34375 0.04375 0.03359375
6 0.95390625 0.33828125 0.04375 0.02890625
6 0.91640625 0.51015625 0.06640625 0.02265625
6 0.32578125 0.78203125 0.04375 0.04375
6 0.3875 0.78203125 0.03984375 0.03984375
6 0.4375 0.78359375 0.04140625 0.03359375
6 0.49609375 0.78046875 0.03984375 0.03125
6 0.55390625 0.78046875 0.04375 0.03515625
6 0.60234375 0.78125 0.03125 0.03984375
6 0.659375 0.78203125 0.03984375 0.0375
6 0.234375 0.853125 0.0625 0.02109375
6 0.23828125 0.88046875 0.0625 0.01875
6 0.465625 0.88203125 0.07734375 0.02109375
6 0.6 0.88203125 0.075 0.02109375
6 0.72890625 0.88125 0.07734375 0.02265625
1 0.49609375 0.94296875 0.10625 0.03125