3 0.51328125 0.084375 0.23125 0.14140625
0 0.28203125 0.39453125 0.16484375 0.0875
0 0.71484375 0.39375 0.24375 0.10390625
0 0.50859375 0.753125 0.27265625 0.11484375
1 0.653125 0.90234375 0.10234375 0.0375
6 0.36640625 0.89609375 0.09375 0.03125
2 0.31015625 0.68671875 0.04765625 0.05
2 0.70859375 0.68828125 0.06640625 0.05859375
2 0.375 0.52265625 0.05390625 0.05859375
2 0.63515625 0.52421875 0.05234375 0.06484375
6 0.50234375 0.52109375 0.04375 0.06015625
6 0.409375 0.60703125 0.1 0.02890625
6 0.59296875 0.61171875 0.08984375 0.025