3 0.7671875 0.09296875 0.1 0.15
2 0.65078125 0.07578125 0.090625 0.046875
2 0.22734375 0.11484375 0.05625 0.0703125
2 0.578125 0.07109375 0.034375 0.0421875
2 0.5375 0.0671875 0.03125 0.0421875
2 0.36171875 0.01484375 0.0640625 0.025
2 0.24921875 0.04140625 0.0296875 0.0421875
2 0.2125 0.040625 0.028125 0.0390625
6 0.5046875 0.0671875 0.028125 0.0484375
6 0.4703125 0.06484375 0.03125 0.0421875
6 0.43046875 0.065625 0.0296875 0.04375
6 0.36171875 0.0453125 0.053125 0.021875
0 0.4390625 0.125 0.0546875 0.046875