6 0.6015625 0.57109375 0.1234375 0.0890625
4 0.85078125 0.8875 0.0515625 0.0640625
4 0.84296875 0.95703125 0.0546875 0.078125
4 0.89921875 0.9203125 0.04375 0.14375
4 0.9609375 0.48984375 0.03125 0.109375
2 0.91796875 0.46328125 0.025 0.0765625
2 0.9359375 0.5109375 0.0171875 0.0484375
6 0.9421875 0.459375 0.0171875 0.046875
6 0.909375 0.52421875 0.025 0.0359375
0 0.8390625 0.53828125 0.0734375 0.2109375
6 0.746875 0.7875 0.028125 0.04375
6 0.75625 0.61328125 0.015625 0.059375
6 0.77734375 0.553125 0.0171875 0.0609375
2 0.765625 0.5390625 0.0171875 0.0578125
2 0.803125 0.7296875 0.0671875 0.1296875
6 0.721875 0.7265625 0.0328125 0.0421875
6 0.68671875 0.7796875 0.0359375 0.053125