0 0.46796875 0.50625 0.165625 0.1046875
0 0.70859375 0.6703125 0.078125 0.0421875
1 0.40078125 0.08203125 0.0765625 0.084375
1 0.53359375 0.88203125 0.1125 0.0578125
1 0.55859375 0.07578125 0.0890625 0.06875
6 0.26484375 0.353125 0.103125 0.04375
6 0.26484375 0.4015625 0.0921875 0.040625
6 0.27109375 0.45390625 0.0828125 0.040625
6 0.403125 0.87421875 0.0578125 0.06875
6 0.31328125 0.87578125 0.0546875 0.078125
6 0.22421875 0.89140625 0.0609375 0.071875
2 0.59375 0.67734375 0.0546875 0.065625
2 0.825 0.66484375 0.0625 0.0671875
2 0.671875 0.41953125 0.1 0.040625
2 0.6703125 0.375 0.0875 0.04375
0 0.47734375 0.21015625 0.1796875 0.125