3 0.14296875 0.34609375 0.20859375 0.11015625
3 0.08515625 0.58984375 0.0875 0.12109375
2 0.31953125 0.34765625 0.10390625 0.11015625
2 0.434375 0.35 0.11484375 0.125
0 0.33671875 0.49453125 0.13359375 0.10390625
1 0.475 0.440625 0.02109375 0.05
2 0.22890625 0.42890625 0.03984375 0.01875
2 0.22734375 0.453125 0.03515625 0.01640625
2 0.228125 0.47734375 0.02890625 0.01875
2 0.19296875 0.546875 0.01484375 0.02890625
2 0.240625 0.546875 0.01484375 0.02734375
2 0.32734375 0.59140625 0.01640625 0.03125
2 0.36640625 0.60546875 0.03125 0.01640625
6 0.43125 0.428125 0.02890625 0.01875
6 0.21875 0.54609375 0.0125 0.025
6 0.30078125 0.590625 0.01484375 0.02734375
6 0.37109375 0.57890625 0.02734375 0.01875