3 0.203125 0.5296875 0.0875 0.471875
7 0.43359375 0.8203125 0.0875 0.0953125
2 0.353125 0.81171875 0.040625 0.0796875
6 0.40546875 0.69765625 0.0484375 0.0796875
6 0.29921875 0.6953125 0.034375 0.0625
6 0.53515625 0.33359375 0.0671875 0.0359375
6 0.53359375 0.446875 0.05625 0.0359375
6 0.5375 0.4984375 0.0671875 0.0359375
2 0.5359375 0.225 0.078125 0.034375
2 0.53125 0.27421875 0.071875 0.0328125
2 0.53515625 0.59296875 0.0671875 0.0390625
2 0.54296875 0.653125 0.08125 0.0390625
2 0.5453125 0.71484375 0.078125 0.034375
2 0.53984375 0.77734375 0.0671875 0.0234375