4 0.47109375 0.23203125 0.13125 0.34609375
4 0.85703125 0.25234375 0.10234375 0.30625
3 0.20625 0.53125 0.38984375 0.90859375
2 0.471875 0.59296875 0.08515625 0.21875
2 0.56796875 0.61171875 0.10859375 0.22109375
2 0.70390625 0.590625 0.03515625 0.11640625
2 0.775 0.84921875 0.02890625 0.11640625
2 0.940625 0.60078125 0.09609375 0.21015625
0 0.78359375 0.6125 0.10390625 0.17734375
1 0.45390625 0.85234375 0.06015625 0.14765625
6 0.5125 0.85078125 0.03984375 0.11640625
6 0.56484375 0.83984375 0.03515625 0.11640625
6 0.61796875 0.8375 0.04140625 0.13359375
6 0.66640625 0.83203125 0.03359375 0.11015625
6 0.71796875 0.840625 0.04140625 0.13125
6 0.82109375 0.83125 0.03515625 0.12265625
6 0.86953125 0.83671875 0.03515625 0.11875
6 0.86171875 0.59375 0.04609375 0.12734375
6 0.65703125 0.57890625 0.04375 0.11015625
6 0.94921875 0.278125 0.04140625 0.11015625