3 0.1875 0.496875 0.13984375 0.55234375
3 0.83359375 0.32109375 0.14765625 0.32734375
3 0.834375 0.69765625 0.1375 0.32890625
7 0.415625 0.70078125 0.04609375 0.06484375
7 0.36953125 0.70625 0.04375 0.075
7 0.36796875 0.31484375 0.04609375 0.05234375
7 0.41484375 0.31328125 0.03984375 0.06015625
6 0.28359375 0.31328125 0.02265625 0.06640625
6 0.28203125 0.41015625 0.02265625 0.06875
6 0.28125 0.59453125 0.02109375 0.075
6 0.28203125 0.68203125 0.02109375 0.06875
4 0.33515625 0.57421875 0.02734375 0.09609375
4 0.3375 0.434375 0.03515625 0.11640625