0 0.28359375 0.503125 0.31640625 0.49609375
0 0.61875 0.58828125 0.15625 0.21875
0 0.7625 0.35546875 0.1125 0.22109375
0 0.55 0.19453125 0.11640625 0.14765625
3 0.9125 0.84375 0.16875 0.24609375
3 0.9171875 0.5015625 0.165625 0.253125
3 0.91328125 0.165625 0.17265625 0.23125
0 0.56640625 0.93984375 0.07109375 0.08359375
0 0.29375 0.946875 0.06484375 0.08125
1 0.184375 0.09296875 0.07890625 0.12265625
2 0.48203125 0.50703125 0.02265625 0.01875
2 0.48203125 0.64765625 0.025 0.01640625
2 0.27578125 0.18984375 0.01484375 0.0375
2 0.5125 0.096875 0.04375 0.02734375
2 0.58828125 0.05 0.05390625 0.03984375
2 0.58984375 0.09453125 0.05234375 0.03359375
2 0.175 0.84765625 0.04609375 0.02890625
2 0.175 0.90078125 0.05234375 0.04375
2 0.36328125 0.94296875 0.02265625 0.07109375
2 0.39375 0.93515625 0.02890625 0.07734375
2 0.53203125 0.83984375 0.02890625 0.075
2 0.56640625 0.84375 0.02265625 0.06640625
2 0.61875 0.93125 0.02265625 0.06875
2 0.65234375 0.92421875 0.03125 0.07734375
2 0.6625 0.83203125 0.0125 0.03984375
2 0.765625 0.61328125 0.02734375 0.01875
2 0.765625 0.52734375 0.02265625 0.02109375
4 0.23125 0.85546875 0.03125 0.13125
4 0.70703125 0.80078125 0.04765625 0.14609375
7 0.76875 0.846875 0.05625 0.08984375
7 0.725 0.146875 0.05234375 0.07265625
1 0.765625 0.68671875 0.04609375 0.03125
1 0.76796875 0.725 0.04765625 0.03359375
6 0.31171875 0.83671875 0.1 0.12265625
6 0.46328125 0.89375 0.08125 0.14765625
6 0.21953125 0.96328125 0.01484375 0.03515625
6 0.24296875 0.96328125 0.01484375 0.04609375
6 0.61484375 0.87109375 0.02109375 0.01640625
6 0.62265625 0.83125 0.01640625 0.03515625
6 0.64296875 0.83046875 0.0125 0.0375
6 0.76484375 0.559375 0.025 0.02109375
6 0.76484375 0.584375 0.02109375 0.02109375
6 0.8125 0.6875 0.02109375 0.02109375
6 0.815625 0.709375 0.01640625 0.01875
6 0.81484375 0.74453125 0.01484375 0.02109375
6 0.828125 0.31953125 0.0125 0.0375
6 0.84921875 0.31796875 0.0125 0.03359375
6 0.76484375 0.14453125 0.0125 0.03359375
6 0.64765625 0.25859375 0.025 0.025
6 0.29765625 0.18515625 0.0125 0.03515625
6 0.315625 0.18671875 0.01484375 0.03359375
6 0.37890625 0.18984375 0.0125 0.02890625
6 0.39765625 0.1875 0.01484375 0.02890625
4 0.66171875 0.13671875 0.0625 0.13125