6 0.21953125 0.140625 0.10625 0.03359375
6 0.21015625 0.196875 0.09609375 0.0375
6 0.77109375 0.13828125 0.08515625 0.04765625
6 0.76875 0.196875 0.07734375 0.04609375
6 0.76328125 0.46328125 0.05859375 0.07890625
6 0.25703125 0.83046875 0.05 0.0625
6 0.49765625 0.7625 0.0625 0.08515625
6 0.56875 0.76015625 0.05234375 0.07109375
6 0.63984375 0.75859375 0.05390625 0.07109375
6 0.71953125 0.76015625 0.0625 0.07890625
2 0.490625 0.27265625 0.0625 0.0875
2 0.21015625 0.478125 0.15 0.1625
0 0.49609375 0.47578125 0.20234375 0.18125