3 0.215625 0.16328125 0.29375 0.31015625
3 0.81796875 0.16328125 0.2875 0.31875
0 0.34765625 0.41015625 0.11484375 0.1
0 0.66796875 0.40234375 0.10625 0.0625
0 0.51328125 0.61953125 0.21015625 0.13125
0 0.51015625 0.84609375 0.14140625 0.03984375
1 0.5875 0.93828125 0.10859375 0.02890625
2 0.77109375 0.60234375 0.05 0.04375
2 0.25546875 0.60546875 0.04140625 0.03359375
2 0.296875 0.59609375 0.02109375 0.03125
2 0.34140625 0.63671875 0.025 0.02890625
2 0.27265625 0.675 0.04375 0.01640625
2 0.27578125 0.703125 0.0625 0.01484375
2 0.22265625 0.3875 0.06875 0.01640625
2 0.209375 0.42421875 0.08515625 0.02265625
2 0.47578125 0.40625 0.04140625 0.04375
2 0.546875 0.40234375 0.03359375 0.04140625
2 0.78515625 0.40390625 0.03515625 0.04140625
2 0.6 0.45625 0.0875 0.01484375
2 0.59375 0.51171875 0.05625 0.0125
2 0.36328125 0.496875 0.05 0.01640625
2 0.35859375 0.53984375 0.04140625 0.01875
2 0.59375 0.34296875 0.06875 0.02265625
6 0.41484375 0.32109375 0.06875 0.02890625
6 0.50625 0.32265625 0.04375 0.01875
6 0.59921875 0.31953125 0.05859375 0.01484375
6 0.36015625 0.51875 0.05859375 0.01640625
6 0.590625 0.4875 0.0875 0.02265625
6 0.59140625 0.53203125 0.0625 0.01875
6 0.71796875 0.659375 0.05859375 0.02265625
6 0.434375 0.93515625 0.1125 0.03359375