2 0.203125 0.31015625 0.1703125 0.3640625
2 0.2296875 0.78046875 0.1609375 0.371875
5 0.9015625 0.77109375 0.196875 0.2953125
0 0.72734375 0.29765625 0.1484375 0.29375
6 0.696875 0.09453125 0.0953125 0.0984375
6 0.8828125 0.08515625 0.1015625 0.0953125
6 0.89609375 0.21953125 0.0953125 0.1
6 0.90859375 0.3625 0.1015625 0.0890625
2 0.9078125 0.5109375 0.0890625 0.075
2 0.70859375 0.4890625 0.1109375 0.0859375
6 0.71875 0.61015625 0.096875 0.10625
6 0.3453125 0.84375 0.0640625 0.196875
6 0.41015625 0.83671875 0.0640625 0.1984375
6 0.4984375 0.83515625 0.0640625 0.1875
6 0.57890625 0.82109375 0.0546875 0.1703125
6 0.6640625 0.8203125 0.0578125 0.15625
6 0.746875 0.8125 0.0625 0.1671875