7 0.06328125 0.3765625 0.1265625 0.165625
7 0.2734375 0.15 0.21875 0.2
7 0.753125 0.134375 0.2140625 0.190625
7 0.52421875 0.37734375 0.171875 0.1515625
4 0.96484375 0.60390625 0.0703125 0.1703125
4 0.1453125 0.78515625 0.1109375 0.15
4 0.19765625 0.9515625 0.1328125 0.096875
0 0.653125 0.7953125 0.484375 0.409375
6 0.01953125 0.22421875 0.0390625 0.0859375
6 0.30234375 0.3296875 0.196875 0.128125
6 0.15390625 0.35078125 0.1015625 0.1484375
6 0.296875 0.44453125 0.125 0.103125
6 0.47578125 0.196875 0.0875 0.1453125
6 0.796875 0.309375 0.1875 0.153125
6 0.64140625 0.33203125 0.096875 0.128125
6 0.50546875 0.56328125 0.0984375 0.134375
6 0.4140625 0.5859375 0.096875 0.1203125
2 0.2984375 0.5984375 0.0828125 0.125
6 0.2484375 0.8078125 0.0796875 0.125
6 0.34921875 0.784375 0.0828125 0.1140625
6 0.38125 0.94609375 0.075 0.1078125
6 0.29609375 0.9578125 0.0859375 0.084375
2 0.73984375 0.54609375 0.1328125 0.1046875
2 0.60390625 0.15546875 0.0875 0.1296875
2 0.12109375 0.16953125 0.078125 0.121875