3 0.26640625 0.55546875 0.08984375 0.0875
3 0.25703125 0.109375 0.15390625 0.09375
3 0.778125 0.11484375 0.12890625 0.09375
6 0.79296875 0.65078125 0.04765625 0.04765625
6 0.20703125 0.659375 0.07734375 0.04375
6 0.80625 0.90078125 0.0375 0.075
6 0.30390625 0.90546875 0.025 0.07890625
2 0.26484375 0.91015625 0.01875 0.06640625
2 0.77421875 0.92578125 0.01875 0.07265625
1 0.76171875 0.709375 0.03515625 0.03125
1 0.24453125 0.70703125 0.03359375 0.03984375
7 0.21640625 0.91171875 0.06015625 0.125
7 0.71875 0.91484375 0.0625 0.1125