3 0.79140625 0.31953125 0.04140625 0.04609375
1 0.428125 0.415625 0.025 0.025
1 0.47578125 0.38046875 0.025 0.02890625
1 0.52734375 0.33671875 0.02890625 0.02734375
1 0.57421875 0.29765625 0.02734375 0.03125
1 0.62734375 0.26171875 0.02109375 0.03125
1 0.67890625 0.22421875 0.02734375 0.03125
1 0.73046875 0.19140625 0.0375 0.03515625
1 0.775 0.15546875 0.03515625 0.0375
1 0.82734375 0.12109375 0.03125 0.03125
3 0.38203125 0.340625 0.07265625 0.07265625
3 0.43359375 0.29921875 0.06015625 0.06640625
3 0.48671875 0.26484375 0.0625 0.07890625
3 0.534375 0.22734375 0.07109375 0.07109375
3 0.58515625 0.19296875 0.075 0.08125
3 0.64140625 0.15234375 0.05390625 0.08984375
3 0.69453125 0.11875 0.07109375 0.08515625
3 0.73984375 0.078125 0.06640625 0.08125
3 0.78515625 0.04375 0.07890625 0.0875