3 0.41640625 0.0609375 0.3640625 0.121875
3 0.846875 0.125 0.2625 0.1546875
3 0.16484375 0.16015625 0.2234375 0.2171875
3 0.9265625 0.3515625 0.146875 0.140625
0 0.528125 0.38984375 0.45 0.259375
6 0.2828125 0.9 0.0953125 0.046875
6 0.38828125 0.828125 0.09375 0.046875
6 0.4671875 0.665625 0.09375 0.0453125
6 0.43515625 0.58671875 0.0234375 0.0265625
6 0.52734375 0.60859375 0.025 0.0203125
6 0.609375 0.5515625 0.025 0.0203125
6 0.6765625 0.56875 0.025 0.0203125
1 0.4859375 0.56171875 0.084375 0.0390625
1 0.5078125 0.953125 0.09375 0.046875
6 0.4390625 0.1375 0.025 0.0203125
6 0.47578125 0.146875 0.025 0.0234375
6 0.6765625 0.1921875 0.021875 0.021875
6 0.7109375 0.2 0.0265625 0.025
6 0.40078125 0.22109375 0.0328125 0.0265625
6 0.46484375 0.2328125 0.025 0.0203125
2 0.55 0.24453125 0.05 0.0265625
2 0.5453125 0.2625 0.05 0.0234375
2 0.54140625 0.28203125 0.0453125 0.0203125
2 0.43125 0.25390625 0.0484375 0.0203125
2 0.3875 0.4734375 0.0421875 0.01875
2 0.46875 0.4921875 0.053125 0.021875
2 0.3859375 0.490625 0.0515625 0.025