5 0.47890625 0.20703125 0.50625 0.3703125
0 0.36953125 0.51953125 0.1375 0.0734375
0 0.37421875 0.63203125 0.1375 0.06875
0 0.525 0.896875 0.1484375 0.08125
7 0.709375 0.88828125 0.1015625 0.075
6 0.3390625 0.934375 0.090625 0.046875
1 0.33359375 0.88828125 0.1078125 0.040625
6 0.55859375 0.75703125 0.1 0.0421875
6 0.7390625 0.834375 0.0640625 0.0234375
6 0.62421875 0.84296875 0.0484375 0.0203125
6 0.28046875 0.815625 0.059375 0.0203125
6 0.284375 0.74765625 0.0578125 0.025
6 0.275 0.59140625 0.0328125 0.0359375
2 0.26171875 0.53125 0.0375 0.034375
2 0.278125 0.64296875 0.03125 0.03125
2 0.4875 0.85234375 0.059375 0.01875