3 0.49609375 0.94140625 0.17890625 0.09140625
3 0.90625 0.95703125 0.075 0.06484375
3 0.09453125 0.11875 0.10859375 0.14140625
3 0.20703125 0.12109375 0.11484375 0.1375
3 0.32578125 0.12578125 0.1125 0.13359375
3 0.43828125 0.12578125 0.11484375 0.14765625
3 0.56171875 0.11640625 0.11484375 0.14609375
3 0.67734375 0.12421875 0.12109375 0.15
3 0.79765625 0.11796875 0.12109375 0.14375
3 0.92109375 0.12109375 0.11640625 0.14609375
7 0.05703125 0.68359375 0.02890625 0.07109375
7 0.16640625 0.69375 0.03125 0.05859375
7 0.28046875 0.69921875 0.02265625 0.06015625
7 0.396875 0.70546875 0.02734375 0.0625
7 0.51328125 0.70703125 0.02734375 0.07109375
7 0.63203125 0.71171875 0.02734375 0.06640625
7 0.75 0.71640625 0.02265625 0.05625
7 0.86875 0.71640625 0.025 0.05390625
0 0.121875 0.76875 0.03515625 0.15
0 0.234375 0.77734375 0.04140625 0.14140625
0 0.34765625 0.78125 0.0375 0.15
0 0.47109375 0.78125 0.03515625 0.1375
0 0.58671875 0.784375 0.03515625 0.13984375
0 0.70625 0.79375 0.03359375 0.15
0 0.828125 0.796875 0.04375 0.12890625
0 0.94296875 0.79453125 0.03984375 0.13125
4 0.1 0.62734375 0.0375 0.05234375
4 0.209375 0.63984375 0.04375 0.04765625
4 0.32265625 0.64140625 0.04140625 0.05
4 0.4375 0.65234375 0.03984375 0.03984375
4 0.559375 0.646875 0.03984375 0.04375
4 0.67578125 0.65078125 0.04140625 0.05234375
4 0.79140625 0.65 0.03984375 0.05
4 0.91015625 0.65546875 0.03984375 0.05
1 0.07265625 0.85625 0.02734375 0.03984375
1 0.18046875 0.86796875 0.02890625 0.03984375
1 0.29609375 0.87265625 0.02734375 0.03125
1 0.40859375 0.871875 0.03359375 0.03125
1 0.53046875 0.88203125 0.02734375 0.03984375
1 0.646875 0.890625 0.02734375 0.03515625
1 0.76640625 0.89140625 0.03125 0.04765625
1 0.88671875 0.89453125 0.025 0.03125
6 0.07578125 0.75234375 0.02265625 0.03515625
6 0.07578125 0.79296875 0.025 0.03515625
6 0.18203125 0.75390625 0.025 0.03125
6 0.18359375 0.80390625 0.01875 0.03984375
6 0.29453125 0.76171875 0.02265625 0.02734375
6 0.296875 0.8125 0.02734375 0.02890625
6 0.41328125 0.77109375 0.02265625 0.03125
6 0.409375 0.81015625 0.025 0.0375
6 0.53125 0.778125 0.02734375 0.03515625
6 0.53203125 0.81796875 0.02265625 0.04375
6 0.64921875 0.771875 0.02890625 0.04765625
6 0.64765625 0.81953125 0.02734375 0.03984375
6 0.76953125 0.78046875 0.02734375 0.04765625
6 0.771875 0.82890625 0.02734375 0.03984375
6 0.88828125 0.78046875 0.02734375 0.03984375
6 0.88828125 0.82109375 0.02734375 0.04375