3 0.58359375 0.1453125 0.6046875 0.290625
1 0.971875 0.15625 0.05625 0.059375
1 0.19609375 0.0078125 0.0640625 0.015625
6 0.9625 0.21796875 0.0484375 0.04375
6 0.178125 0.05546875 0.0625 0.05625
6 0.628125 0.40859375 0.0859375 0.034375
6 0.52109375 0.38359375 0.0671875 0.0296875
6 0.3984375 0.359375 0.0734375 0.0328125
6 0.92890625 0.571875 0.05625 0.053125
6 0.81875 0.54921875 0.05625 0.0453125
6 0.52578125 0.5859375 0.025 0.025
6 0.47578125 0.57265625 0.0328125 0.0265625
6 0.42890625 0.56171875 0.0359375 0.028125
6 0.34765625 0.646875 0.0953125 0.046875
6 0.3296875 0.68515625 0.0859375 0.04375
6 0.3140625 0.77421875 0.08125 0.0375
6 0.31328125 0.82109375 0.084375 0.040625
6 0.609375 0.884375 0.090625 0.040625
6 0.478125 0.94609375 0.0859375 0.04375
2 0.70234375 0.48984375 0.1 0.0453125
2 0.67578125 0.51171875 0.0546875 0.021875
1 0.32578125 0.915625 0.1 0.05
3 0.88046875 0.840625 0.1734375 0.31875
3 0.0359375 0.684375 0.071875 0.378125