0 0.28984375 0.19140625 0.06875 0.175
0 0.40703125 0.128125 0.040625 0.059375
0 0.45390625 0.23359375 0.034375 0.059375
0 0.48125 0.35546875 0.0375 0.08125
0 0.53359375 0.35390625 0.040625 0.071875
0 0.68984375 0.303125 0.03125 0.0625
0 0.80703125 0.23671875 0.04375 0.053125
0 0.80546875 0.38515625 0.053125 0.08125
0 0.803125 0.49375 0.05625 0.090625
0 0.51796875 0.51171875 0.084375 0.1
3 0.11640625 0.5 0.096875 0.140625
3 0.11328125 0.68515625 0.090625 0.146875
3 0.20625 0.86484375 0.103125 0.128125
3 0.34140625 0.86640625 0.103125 0.128125
3 0.59921875 0.86796875 0.20625 0.125
3 0.75234375 0.759375 0.053125 0.04375
3 0.66953125 0.61953125 0.05 0.10625
3 0.68203125 0.69453125 0.03125 0.034375
3 0.89765625 0.85859375 0.1125 0.140625
3 0.90078125 0.71171875 0.10625 0.096875
3 0.59609375 0.63203125 0.021875 0.065625
3 0.903125 0.56953125 0.103125 0.096875
3 0.90625 0.4125 0.1125 0.15625
3 0.90625 0.265625 0.04375 0.090625
3 0.896875 0.14375 0.1 0.15625
3 0.096875 0.11484375 0.140625 0.09375
3 0.09375 0.30625 0.071875 0.178125
3 0.68359375 0.44140625 0.025 0.065625
2 0.22421875 0.14140625 0.053125 0.071875
2 0.72265625 0.19765625 0.046875 0.06875
6 0.184375 0.07109375 0.0125 0.040625
6 0.20703125 0.06953125 0.015625 0.040625
6 0.34296875 0.06875 0.034375 0.028125
6 0.378125 0.06796875 0.034375 0.034375
6 0.41171875 0.06796875 0.025 0.025
6 0.825 0.07421875 0.028125 0.028125
6 0.76953125 0.190625 0.025 0.01875
6 0.38828125 0.23359375 0.0125 0.046875
6 0.4125 0.23359375 0.009375 0.034375
6 0.33515625 0.13828125 0.015625 0.046875
6 0.36171875 0.125 0.028125 0.028125
6 0.34296875 0.18046875 0.03125 0.021875
4 0.121875 0.19296875 0.059375 0.0375
4 0.34453125 0.53671875 0.03125 0.065625
4 0.35234375 0.65859375 0.015625 0.053125
4 0.50234375 0.75546875 0.015625 0.046875
7 0.37421875 0.42890625 0.028125 0.040625
7 0.30859375 0.60390625 0.021875 0.040625
7 0.53203125 0.77265625 0.028125 0.040625
7 0.73671875 0.34453125 0.025 0.0375
1 0.36953125 0.54140625 0.015625 0.040625
1 0.39140625 0.53984375 0.015625 0.0375
1 0.38984375 0.609375 0.0125 0.0375
1 0.32734375 0.69921875 0.015625 0.040625
2 0.23046875 0.071875 0.015625 0.03125
2 0.18359375 0.12265625 0.015625 0.046875
2 0.22265625 0.20859375 0.015625 0.03125
2 0.34375 0.21171875 0.021875 0.01875
2 0.36953125 0.16953125 0.009375 0.03125
2 0.47578125 0.28828125 0.028125 0.021875
2 0.53046875 0.290625 0.028125 0.021875
2 0.45 0.490625 0.009375 0.034375
2 0.44765625 0.51953125 0.021875 0.015625
2 0.44765625 0.54453125 0.021875 0.0125
6 0.39140625 0.39453125 0.021875 0.015625
6 0.36640625 0.48515625 0.015625 0.028125
6 0.41015625 0.54296875 0.0125 0.028125
6 0.41171875 0.60703125 0.009375 0.028125
6 0.34296875 0.61328125 0.025 0.021875
6 0.325 0.65 0.0125 0.028125
6 0.38671875 0.72265625 0.0125 0.028125
6 0.3875 0.771875 0.009375 0.025
6 0.34375 0.74609375 0.021875 0.015625
6 0.31640625 0.77109375 0.009375 0.028125
6 0.25859375 0.74375 0.01875 0.015625
6 0.24921875 0.771875 0.009375 0.028125
6 0.18984375 0.740625 0.028125 0.021875
6 0.18046875 0.77265625 0.015625 0.034375
2 0.715625 0.07265625 0.021875 0.015625
2 0.77109375 0.071875 0.028125 0.015625
2 0.65703125 0.28359375 0.009375 0.028125
2 0.64453125 0.43984375 0.009375 0.034375
2 0.64375 0.48046875 0.00625 0.025
2 0.59140625 0.5125 0.0125 0.04375
2 0.51484375 0.60078125 0.0125 0.040625
2 0.53125 0.6 0.0125 0.03125
2 0.54609375 0.60390625 0.0125 0.034375
2 0.73515625 0.821875 0.015625 0.040625
2 0.8375 0.184375 0.009375 0.040625
6 0.53984375 0.721875 0.0125 0.028125
6 0.59296875 0.70078125 0.009375 0.040625
6 0.55546875 0.7625 0.009375 0.028125
6 0.571875 0.76171875 0.0125 0.03125
6 0.63515625 0.73125 0.009375 0.03125
6 0.653125 0.73046875 0.009375 0.034375
6 0.67109375 0.73125 0.0125 0.03125
6 0.6625 0.76015625 0.028125 0.015625
6 0.69375 0.771875 0.015625 0.028125
3 0.61640625 0.66796875 0.0125 0.11875
6 0.62734375 0.54921875 0.0125 0.034375
6 0.64765625 0.54609375 0.009375 0.021875
6 0.66796875 0.54765625 0.009375 0.021875
6 0.7375 0.51484375 0.01875 0.0125
6 0.73671875 0.53515625 0.021875 0.015625
6 0.7375 0.55546875 0.021875 0.0125
6 0.7375 0.57890625 0.01875 0.0125
6 0.69140625 0.36640625 0.01875 0.015625
6 0.69140625 0.39453125 0.01875 0.015625
6 0.72734375 0.39453125 0.021875 0.021875
6 0.53125 0.26015625 0.028125 0.01875
6 0.86328125 0.27890625 0.034375 0.021875
6 0.80390625 0.76875 0.025 0.025
6 0.82890625 0.81171875 0.0125 0.040625
2 0.76875 0.16796875 0.021875 0.015625