3 0.12734375 0.27578125 0.16484375 0.41875
3 0.12890625 0.71171875 0.16015625 0.43515625
3 0.934375 0.709375 0.07265625 0.21484375
3 0.92265625 0.31171875 0.075 0.25625
0 0.78828125 0.41328125 0.15390625 0.14375
0 0.78984375 0.57734375 0.14140625 0.11640625
7 0.67265625 0.88046875 0.0625 0.08359375
7 0.67265625 0.13046875 0.06484375 0.075
4 0.66328125 0.271875 0.03359375 0.11484375
4 0.66328125 0.728125 0.04140625 0.1125
1 0.81796875 0.92265625 0.04765625 0.10625
1 0.80859375 0.08828125 0.05 0.11484375
6 0.74921875 0.215625 0.03359375 0.09375
6 0.81640625 0.215625 0.03125 0.0875
6 0.759375 0.771875 0.04375 0.10234375
6 0.81953125 0.77890625 0.03984375 0.08984375