6 0.51875 0.25703125 0.1484375 0.096875
6 0.36484375 0.2734375 0.06875 0.240625
6 0.2015625 0.26328125 0.06875 0.2359375
1 0.08828125 0.5125 0.121875 0.2390625
1 0.3421875 0.51875 0.1234375 0.259375
5 0.43046875 0.75703125 0.24375 0.303125
1 0.9015625 0.5578125 0.11875 0.1921875
6 0.91640625 0.30859375 0.0578125 0.2578125
3 0.10078125 0.175 0.065625 0.1875
3 0.0765625 0.7625 0.0796875 0.2453125
2 0.23515625 0.53515625 0.0515625 0.23125
2 0.18515625 0.5328125 0.0609375 0.2109375
0 0.51640625 0.46640625 0.1859375 0.3484375