3 0.23671875 0.28046875 0.046875 0.0515625
1 0.5828125 0.4265625 0.028125 0.028125
1 0.540625 0.38515625 0.028125 0.0328125
1 0.4953125 0.334375 0.0328125 0.03125
1 0.4546875 0.2890625 0.03125 0.034375
1 0.40703125 0.24609375 0.025 0.034375
1 0.3609375 0.20234375 0.03125 0.034375
1 0.31484375 0.1625 0.0421875 0.040625
1 0.27578125 0.1203125 0.040625 0.0421875
1 0.22890625 0.07890625 0.0359375 0.0359375
3 0.6390625 0.35859375 0.0828125 0.0828125
3 0.59375 0.31015625 0.06875 0.0734375
3 0.54609375 0.26875 0.0734375 0.0875
3 0.50390625 0.225 0.0796875 0.0796875
3 0.45859375 0.184375 0.0859375 0.090625
3 0.40859375 0.1359375 0.065625 0.096875
3 0.36015625 0.0953125 0.0828125 0.09375
3 0.32109375 0.04921875 0.0765625 0.0890625
3 0.28125 0.028125 0.090625 0.05625