6 0.590625 0.584375 0.13125 0.103125
4 0.79375 0.9328125 0.0578125 0.06875
4 0.77578125 0.97890625 0.0640625 0.0421875
4 0.8359375 0.94921875 0.0625 0.1015625
4 0.9578125 0.5546875 0.0453125 0.1109375
2 0.91875 0.521875 0.034375 0.0765625
2 0.93046875 0.57109375 0.0234375 0.05
6 0.94296875 0.52109375 0.021875 0.0484375
6 0.90234375 0.58046875 0.0296875 0.0375
0 0.83046875 0.58515625 0.1015625 0.2140625
6 0.7046875 0.81875 0.034375 0.0453125
6 0.7375 0.64765625 0.0234375 0.059375
6 0.7671875 0.59140625 0.025 0.0609375
2 0.7578125 0.57578125 0.025 0.0578125
2 0.76796875 0.76953125 0.0828125 0.134375
6 0.68828125 0.75546875 0.0375 0.0453125
6 0.64609375 0.803125 0.0421875 0.05625