3 0.884375 0.77890625 0.065625 0.06875
3 0.8234375 0.77578125 0.084375 0.078125
3 0.7578125 0.76171875 0.0609375 0.0765625
3 0.6921875 0.759375 0.075 0.0859375
3 0.63125 0.75234375 0.0671875 0.090625
3 0.56796875 0.74375 0.08125 0.0890625
3 0.50625 0.73203125 0.0625 0.0890625
3 0.440625 0.7359375 0.0640625 0.084375
3 0.3796875 0.72578125 0.075 0.09375
3 0.9125 0.43046875 0.0625 0.0640625
3 0.85078125 0.42265625 0.0640625 0.06875
3 0.79296875 0.41171875 0.0671875 0.071875
3 0.72578125 0.4109375 0.065625 0.08125
3 0.6640625 0.4078125 0.0703125 0.0765625
3 0.596875 0.40546875 0.075 0.0734375
3 0.53828125 0.40078125 0.075 0.0875
3 0.475 0.38671875 0.071875 0.0796875
3 0.4078125 0.38046875 0.0671875 0.08125