0 0.715625 0.5140625 0.3421875 0.5125
0 0.3765625 0.58203125 0.1671875 0.2265625
0 0.2453125 0.3421875 0.1234375 0.2265625
0 0.46640625 0.1921875 0.1234375 0.153125
3 0.08046875 0.82109375 0.1609375 0.2546875
3 0.0859375 0.47890625 0.171875 0.2609375
3 0.1046875 0.14453125 0.184375 0.240625
0 0.4109375 0.9359375 0.075 0.0875
0 0.6828125 0.95703125 0.06875 0.084375
1 0.83671875 0.11015625 0.0859375 0.1265625
2 0.5171875 0.5078125 0.0234375 0.0203125
2 0.51015625 0.6484375 0.0265625 0.0171875
2 0.73984375 0.20234375 0.0171875 0.0375
2 0.50859375 0.096875 0.0453125 0.0296875
2 0.43515625 0.04609375 0.05625 0.0421875
2 0.43125 0.090625 0.0546875 0.0359375
2 0.80625 0.8640625 0.046875 0.03125
2 0.80390625 0.9171875 0.0546875 0.046875
2 0.61328125 0.94921875 0.0265625 0.071875
2 0.58359375 0.93984375 0.0328125 0.078125
2 0.45 0.8375 0.0328125 0.0765625
2 0.415625 0.83984375 0.0265625 0.0671875
2 0.35859375 0.92421875 0.0265625 0.0703125
2 0.32578125 0.915625 0.0359375 0.078125
2 0.3203125 0.8234375 0.0140625 0.040625
2 0.22890625 0.59921875 0.028125 0.0203125
2 0.23359375 0.51328125 0.0234375 0.021875
4 0.75 0.86875 0.0375 0.1328125
4 0.27734375 0.78984375 0.0546875 0.1484375
7 0.21328125 0.83203125 0.0609375 0.0921875
7 0.29375 0.1359375 0.05625 0.075
1 0.225 0.67265625 0.0484375 0.034375
1 0.2203125 0.7109375 0.05 0.0359375
6 0.6703125 0.84609375 0.10625 0.128125
6 0.51640625 0.8953125 0.0890625 0.1515625
6 0.75546875 0.97734375 0.0171875 0.0359375
6 0.7328125 0.97578125 0.0171875 0.046875
6 0.365625 0.86484375 0.021875 0.0171875
6 0.36015625 0.82421875 0.01875 0.0359375
6 0.33984375 0.82265625 0.0140625 0.0375
6 0.23203125 0.5453125 0.0265625 0.021875
6 0.23125 0.5703125 0.021875 0.021875
6 0.178125 0.67109375 0.021875 0.021875
6 0.17421875 0.6921875 0.0171875 0.0203125
6 0.17265625 0.72734375 0.015625 0.021875
6 0.18203125 0.30234375 0.0140625 0.0375
6 0.1609375 0.3 0.0140625 0.034375
6 0.25390625 0.13125 0.0140625 0.034375
6 0.36484375 0.2515625 0.0265625 0.0265625
6 0.71875 0.19609375 0.0140625 0.0359375
6 0.70078125 0.196875 0.0171875 0.034375
6 0.6375 0.196875 0.0140625 0.0296875
6 0.61875 0.19296875 0.015625 0.0296875
4 0.3578125 0.12890625 0.06875 0.134375