0 0.16875 0.8265625 0.2796875 0.278125
0 0.67421875 0.36640625 0.2171875 0.3515625
0 0.2 0.31015625 0.1265625 0.1515625
2 0.88828125 0.34765625 0.1921875 0.23125
2 0.1703125 0.5546875 0.196875 0.23125
2 0.87265625 0.86015625 0.140625 0.1875
4 0.45078125 0.796875 0.0890625 0.184375
4 0.96640625 0.84765625 0.059375 0.190625
0 0.48203125 0.26328125 0.0859375 0.1109375
4 0.846875 0.565625 0.1203125 0.090625
5 0.58046875 0.0875 0.2203125 0.175
5 0.365625 0.09296875 0.2125 0.1796875
5 0.146875 0.09375 0.2171875 0.1625
6 0.43828125 0.67421875 0.0578125 0.025
6 0.359375 0.68046875 0.0546875 0.0296875
2 0.27421875 0.68359375 0.040625 0.03125
6 0.76953125 0.0890625 0.028125 0.0703125
2 0.40078125 0.26484375 0.021875 0.059375
2 0.30390625 0.27578125 0.0234375 0.046875
1 0.06171875 0.25625 0.0328125 0.1046875
1 0.06171875 0.36953125 0.0328125 0.0796875
1 0.053125 0.4734375 0.0359375 0.084375
6 0.3484375 0.2796875 0.03125 0.071875
6 0.09609375 0.30625 0.0234375 0.0578125
6 0.1 0.38125 0.021875 0.0515625
6 0.3875 0.7875 0.028125 0.0734375