0 0.44921875 0.79453125 0.10625 0.08515625
7 0.62578125 0.7125 0.1 0.075
6 0.371875 0.17265625 0.12734375 0.03515625
6 0.62265625 0.175 0.12890625 0.03984375
6 0.42109375 0.128125 0.04375 0.01875
6 0.57734375 0.125 0.04375 0.01875
2 0.215625 0.209375 0.05625 0.0625
2 0.78203125 0.20546875 0.05234375 0.05234375
0 0.82265625 0.38515625 0.11484375 0.07734375
3 0.04765625 0.7328125 0.0953125 0.503125
3 0.95703125 0.73671875 0.08515625 0.47265625
6 0.07578125 0.35625 0.08125 0.02734375
6 0.02734375 0.28515625 0.02265625 0.025
6 0.11328125 0.29765625 0.05625 0.02109375
6 0.05859375 0.41640625 0.025 0.03359375
6 0.13984375 0.41953125 0.02890625 0.03125
6 0.17890625 0.41796875 0.02109375 0.03359375
6 0.67265625 0.390625 0.03125 0.02890625
6 0.71171875 0.390625 0.02265625 0.02890625
6 0.67265625 0.43125 0.02109375 0.02734375
6 0.803125 0.45390625 0.02265625 0.02890625
6 0.83984375 0.45859375 0.02890625 0.03125
6 0.903125 0.44609375 0.05859375 0.01875
6 0.5 0.55078125 0.02734375 0.02890625
6 0.54296875 0.55234375 0.025 0.02734375
6 0.33515625 0.6875 0.025 0.02890625
6 0.378125 0.68984375 0.02109375 0.02890625
6 0.41484375 0.69140625 0.02734375 0.01875
6 0.30703125 0.76640625 0.06640625 0.02265625
6 0.43359375 0.73828125 0.04609375 0.01484375
6 0.59453125 0.78046875 0.04375 0.01875
6 0.42578125 0.84921875 0.04375 0.01640625
6 0.3125 0.815625 0.06015625 0.03359375
2 0.27890625 0.38828125 0.07734375 0.02890625
2 0.25078125 0.46015625 0.0375 0.05625
2 0.29921875 0.44296875 0.02734375 0.02109375
2 0.34375 0.44765625 0.02890625 0.02890625
2 0.39375 0.43515625 0.02265625 0.03125
2 0.43515625 0.434375 0.02109375 0.02734375
2 0.490625 0.425 0.03515625 0.04609375
2 0.55078125 0.42421875 0.03984375 0.04609375
2 0.63046875 0.43515625 0.02265625 0.03359375
2 0.69296875 0.35390625 0.04375 0.01640625
2 0.72109375 0.453125 0.02734375 0.03125
2 0.34609375 0.47890625 0.03359375 0.01875
2 0.34609375 0.503125 0.0375 0.0125
2 0.35234375 0.525 0.03984375 0.01875
2 0.35703125 0.55234375 0.03515625 0.02265625
2 0.27578125 0.565625 0.03984375 0.05
2 0.52890625 0.85 0.04375 0.01484375
2 0.73203125 0.90234375 0.02265625 0.02890625