4 0.478125 0.26796875 0.040625 0.1734375
4 0.9328125 0.2578125 0.090625 0.0703125
1 0.853125 0.91796875 0.0484375 0.0515625
1 0.45 0.665625 0.046875 0.0484375
3 0.934375 0.5390625 0.128125 0.4421875
3 0.0625 0.46640625 0.125 0.4578125
7 0.46015625 0.453125 0.0515625 0.0921875
0 0.76015625 0.69296875 0.1625 0.15
0 0.57890625 0.60234375 0.09375 0.1890625
0 0.31015625 0.603125 0.06875 0.1296875
6 0.83046875 0.54609375 0.0421875 0.04375
6 0.7140625 0.55078125 0.0359375 0.0375
6 0.4578125 0.53984375 0.03125 0.04375
6 0.45390625 0.6046875 0.03125 0.040625
2 0.24765625 0.63046875 0.0234375 0.075
2 0.2109375 0.63203125 0.0265625 0.0734375
6 0.85546875 0.85390625 0.0390625 0.053125
6 0.26875 0.9 0.0453125 0.0546875