6 0.13515625 0.12734375 0.234375 0.20625
6 0.078125 0.321875 0.0859375 0.0328125
6 0.08125 0.3734375 0.084375 0.0265625
6 0.78125 0.31328125 0.090625 0.03125
6 0.63046875 0.4109375 0.0796875 0.034375
6 0.1984375 0.61796875 0.0609375 0.059375
6 0.7953125 0.6078125 0.059375 0.0546875
6 0.6453125 0.7765625 0.0734375 0.0328125
6 0.70078125 0.88203125 0.0859375 0.028125
0 0.48125 0.07890625 0.2296875 0.1109375
7 0.2609375 0.34765625 0.1171875 0.06875
7 0.62265625 0.3390625 0.1140625 0.0734375
7 0.78828125 0.3921875 0.103125 0.0703125
4 0.925 0.3578125 0.065625 0.0828125
4 0.48671875 0.23125 0.2265625 0.0859375
1 0.490625 0.34453125 0.0578125 0.0578125
1 0.49453125 0.884375 0.115625 0.04375
0 0.35 0.5671875 0.1671875 0.1671875
0 0.64375 0.55390625 0.16875 0.159375
2 0.690625 0.70859375 0.103125 0.0328125
3 0.8546875 0.084375 0.2625 0.1609375