3 0.553125 0.88671875 0.24375 0.2265625
3 0.896875 0.228125 0.15 0.2046875
3 0.7734375 0.85625 0.2421875 0.2296875
4 0.5203125 0.6328125 0.140625 0.08125
4 0.69609375 0.6109375 0.134375 0.0859375
1 0.73671875 0.1 0.05 0.10625
2 0.903125 0.39453125 0.0859375 0.065625
0 0.92734375 0.52734375 0.1375 0.190625
0 0.0875 0.40234375 0.14375 0.196875
2 0.93671875 0.67734375 0.0875 0.0703125
2 0.803125 0.25234375 0.040625 0.0765625
2 0.071875 0.54296875 0.0640625 0.0484375
2 0.0828125 0.59609375 0.0609375 0.05
7 0.1078125 0.78984375 0.0703125 0.078125
6 0.0984375 0.7078125 0.0515625 0.0484375
6 0.090625 0.6484375 0.0515625 0.034375
6 0.75625 0.2484375 0.0328125 0.06875
6 0.8171875 0.575 0.0484375 0.0828125