3 0.878125 0.5328125 0.24375 0.55
3 0.66015625 0.93046875 0.2234375 0.1390625
1 0.2109375 0.2 0.1109375 0.1203125
1 0.1875 0.35859375 0.121875 0.11875
0 0.50625 0.50703125 0.209375 0.3375
0 0.19453125 0.54921875 0.0953125 0.14375
0 0.16953125 0.72890625 0.0875 0.1375
0 0.33125 0.7265625 0.10625 0.159375
2 0.6859375 0.640625 0.0875 0.0859375
2 0.66171875 0.778125 0.078125 0.0765625
2 0.71796875 0.50546875 0.0453125 0.040625
2 0.37109375 0.45 0.04375 0.0453125
2 0.4515625 0.2796875 0.040625 0.0421875
6 0.3359375 0.20390625 0.0515625 0.0484375
6 0.3171875 0.3140625 0.05 0.0484375
2 0.6953125 0.10078125 0.0296875 0.0703125
6 0.11875 0.53203125 0.034375 0.078125
6 0.08828125 0.7265625 0.0421875 0.096875
6 0.2546875 0.71640625 0.0375 0.096875
6 0.73515625 0.3890625 0.059375 0.0515625
6 0.7515625 0.2828125 0.053125 0.0484375
6 0.465625 0.18203125 0.0421875 0.053125
6 0.7671875 0.17734375 0.0421875 0.0421875
6 0.78125 0.0796875 0.0453125 0.040625