3 0.4953125 0.14765625 0.990625 0.2953125
4 0.065625 0.35625 0.11875 0.09609375
0 0.51875 0.77734375 0.43359375 0.28359375
0 0.25625 0.46875 0.45390625 0.10234375
0 0.85625 0.44921875 0.25859375 0.17734375
0 0.61953125 0.42890625 0.19609375 0.10859375
7 0.19921875 0.575 0.09375 0.05234375
1 0.59609375 0.58046875 0.11015625 0.02265625
1 0.59296875 0.61171875 0.10390625 0.025
1 0.84296875 0.58125 0.11640625 0.02265625
1 0.840625 0.61484375 0.13359375 0.025
1 0.23359375 0.94140625 0.11640625 0.02890625
2 0.20546875 0.89453125 0.04765625 0.01875
2 0.20625 0.87578125 0.05390625 0.0125
2 0.20859375 0.753125 0.05234375 0.0125
2 0.77421875 0.81796875 0.04375 0.03125
2 0.93828125 0.55625 0.10390625 0.02109375
2 0.62578125 0.5125 0.05859375 0.0125
2 0.25859375 0.67578125 0.02890625 0.02265625
2 0.765625 0.66328125 0.02734375 0.025
2 0.48359375 0.33203125 0.0625 0.04140625
2 0.390625 0.4125 0.08359375 0.01015625
1 0.06015625 0.56171875 0.05859375 0.05
6 0.36015625 0.334375 0.14765625 0.03359375
6 0.61640625 0.33203125 0.16015625 0.025
6 0.2 0.34296875 0.09609375 0.01484375
6 0.20390625 0.36796875 0.09140625 0.02109375
6 0.33828125 0.54140625 0.09609375 0.01875
6 0.36875 0.58046875 0.04765625 0.03515625
6 0.30859375 0.57890625 0.05234375 0.03515625
6 0.065625 0.60078125 0.06875 0.01484375
6 0.20625 0.64921875 0.09140625 0.01875
6 0.78515625 0.84609375 0.06640625 0.0125
6 0.78125 0.865625 0.06015625 0.01875
6 0.80546875 0.909375 0.07109375 0.01875
6 0.49375 0.39453125 0.03515625 0.02890625
6 0.69453125 0.58203125 0.03515625 0.025
6 0.74765625 0.58125 0.04140625 0.025
6 0.74453125 0.61328125 0.03125 0.02265625
6 0.69765625 0.61328125 0.03515625 0.02109375