0 0.77265625 0.209375 0.115625 0.2375
0 0.64609375 0.20625 0.10625 0.234375
0 0.515625 0.19453125 0.10625 0.215625
0 0.37890625 0.19375 0.10625 0.215625
0 0.25 0.19140625 0.109375 0.221875
7 0.75390625 0.59921875 0.034375 0.053125
4 0.80078125 0.60078125 0.040625 0.04375
4 0.36796875 0.48359375 0.065625 0.053125
0 0.75703125 0.48984375 0.103125 0.078125
0 0.64296875 0.53125 0.0625 0.171875
0 0.64453125 0.70390625 0.05625 0.159375
0 0.50859375 0.73125 0.053125 0.0875
0 0.390625 0.559375 0.034375 0.09375
6 0.71796875 0.60078125 0.015625 0.046875
6 0.725 0.55546875 0.021875 0.028125
6 0.52734375 0.48671875 0.03125 0.034375
6 0.459375 0.48671875 0.03125 0.025
2 0.575 0.459375 0.028125 0.01875
2 0.57421875 0.48671875 0.03125 0.021875
2 0.25625 0.540625 0.121875 0.171875
2 0.35078125 0.54609375 0.0125 0.04375
2 0.34296875 0.58203125 0.028125 0.021875
2 0.34140625 0.609375 0.025 0.021875
6 0.86796875 0.42421875 0.021875 0.04375
6 0.88671875 0.428125 0.015625 0.046875
6 0.43984375 0.69296875 0.028125 0.028125
6 0.43828125 0.715625 0.028125 0.021875
6 0.43828125 0.74140625 0.028125 0.021875
6 0.4375 0.76640625 0.025 0.01875
6 0.57421875 0.76484375 0.025 0.015625
2 0.575 0.72734375 0.025 0.025