3 0.91171875 0.7375 0.059375 0.0625
3 0.85078125 0.740625 0.078125 0.071875
3 0.78359375 0.73359375 0.053125 0.071875
3 0.71796875 0.73828125 0.065625 0.078125
3 0.65703125 0.7375 0.059375 0.084375
3 0.59296875 0.73515625 0.071875 0.08125
3 0.53046875 0.73046875 0.053125 0.084375
3 0.465625 0.740625 0.05625 0.078125
3 0.40390625 0.7375 0.065625 0.0875
3 0.903125 0.3875 0.05625 0.059375
3 0.840625 0.38671875 0.059375 0.0625
3 0.78203125 0.38125 0.059375 0.065625
3 0.71484375 0.3875 0.059375 0.075
3 0.65390625 0.39140625 0.0625 0.071875
3 0.58671875 0.39609375 0.06875 0.065625
3 0.52734375 0.39765625 0.065625 0.08125
3 0.46328125 0.38984375 0.065625 0.071875
3 0.39609375 0.390625 0.059375 0.075