7 0.82109375 0.11953125 0.18125 0.175
7 0.72421875 0.8453125 0.1671875 0.178125
0 0.3609375 0.590625 0.2359375 0.2640625
6 0.0765625 0.49375 0.1265625 0.0734375
6 0.0953125 0.56875 0.1140625 0.08125
6 0.10625 0.65234375 0.1140625 0.078125
6 0.12890625 0.73671875 0.0921875 0.065625
6 0.22109375 0.8828125 0.0671875 0.1046875
6 0.30546875 0.87265625 0.0671875 0.11875
6 0.396875 0.86640625 0.0640625 0.1171875
6 0.48203125 0.85 0.0703125 0.121875
6 0.703125 0.7109375 0.1015625 0.0671875
6 0.684375 0.62734375 0.10625 0.0765625
6 0.67421875 0.53984375 0.115625 0.075
6 0.65859375 0.4625 0.1046875 0.0671875
6 0.84296875 0.24609375 0.1109375 0.071875
6 0.61640625 0.26640625 0.1265625 0.071875
6 0.6 0.190625 0.128125 0.08125
6 0.43203125 0.29765625 0.0859375 0.1109375
6 0.34921875 0.3125 0.078125 0.1171875
6 0.1953125 0.3421875 0.0625 0.0953125
1 0.59140625 0.1 0.1328125 0.0765625
2 0.16171875 0.196875 0.0875 0.1265625
2 0.3234375 0.1609375 0.0734375 0.11875
2 0.40390625 0.146875 0.084375 0.13125
2 0.2703125 0.346875 0.0734375 0.0828125
2 0.646875 0.3578125 0.1453125 0.1234375