3 0.49921875 0.11015625 0.39375 0.09609375
3 0.503125 0.7 0.42109375 0.13515625
4 0.40546875 0.44453125 0.05625 0.09609375
4 0.578125 0.40703125 0.04765625 0.10234375
6 0.47265625 0.43203125 0.0625 0.09765625
6 0.215625 0.55546875 0.06015625 0.02734375
6 0.665625 0.38984375 0.04765625 0.03125
6 0.67421875 0.41875 0.06015625 0.02265625
2 0.7625 0.50625 0.08984375 0.04375
2 0.76796875 0.58046875 0.08984375 0.03984375
2 0.75390625 0.6375 0.05625 0.02734375
2 0.75078125 0.540625 0.05390625 0.03359375
2 0.72109375 0.27265625 0.02265625 0.05390625
2 0.215625 0.58828125 0.06484375 0.02890625
2 0.22265625 0.6125 0.05859375 0.02109375
2 0.22265625 0.64375 0.05859375 0.02734375
2 0.665625 0.35546875 0.05234375 0.02890625
0 0.659375 0.27890625 0.07109375 0.09140625
2 0.68046875 0.45234375 0.08125 0.04375