3 0.55625 0.88515625 0.25 0.2296875
3 0.06015625 0.34765625 0.1203125 0.2078125
3 0.33515625 0.9 0.2484375 0.2
4 0.5171875 0.63359375 0.1421875 0.084375
4 0.3421875 0.6609375 0.1375 0.090625
1 0.1625 0.18125 0.053125 0.10625
2 0.0828125 0.51015625 0.0875 0.0671875
0 0.09609375 0.64375 0.1421875 0.19375
0 0.86953125 0.29296875 0.15 0.2
2 0.12890625 0.790625 0.0890625 0.071875
2 0.13984375 0.34609375 0.0421875 0.0765625
2 0.9234375 0.4234375 0.065625 0.05
2 0.92734375 0.47734375 0.0625 0.0515625
7 0.95625 0.6703125 0.0734375 0.0796875
6 0.94375 0.5890625 0.053125 0.05
6 0.934375 0.53046875 0.0515625 0.0359375
6 0.184375 0.32890625 0.034375 0.06875
6 0.215625 0.659375 0.0515625 0.084375