0 0.50078125 0.38671875 0.353125 0.1625
0 0.503125 0.634375 0.346875 0.15625
0 0.66953125 0.14375 0.096875 0.10625
3 0.93359375 0.48359375 0.121875 0.096875
3 0.06015625 0.49453125 0.109375 0.109375
7 0.22734375 0.228125 0.046875 0.046875
4 0.453125 0.2375 0.084375 0.040625
4 0.75859375 0.41484375 0.084375 0.053125
2 0.38125 0.87265625 0.078125 0.046875
6 0.571875 0.07421875 0.0625 0.028125
6 0.57109375 0.17421875 0.05 0.034375
6 0.33125 0.23984375 0.053125 0.028125
6 0.56953125 0.24921875 0.05 0.021875
6 0.76640625 0.16796875 0.059375 0.034375
6 0.76875 0.24453125 0.053125 0.034375
6 0.76796875 0.48046875 0.053125 0.025
6 0.765625 0.559375 0.05625 0.03125
6 0.76953125 0.70234375 0.05625 0.028125
6 0.38125 0.80546875 0.071875 0.040625
6 0.378125 0.953125 0.065625 0.034375
3 0.38125 0.08359375 0.215625 0.103125
5 0.68046875 0.85234375 0.23125 0.203125
2 0.18828125 0.48828125 0.1625 0.190625
2 0.2875 0.503125 0.0375 0.0625
2 0.77578125 0.31640625 0.10625 0.10625