0 0.596875 0.30546875 0.2703125 0.2890625
2 0.859375 0.471875 0.0515625 0.0703125
2 0.62109375 0.67109375 0.0625 0.0484375
2 0.56953125 0.49609375 0.0625 0.053125
2 0.559375 0.1140625 0.065625 0.0640625
2 0.478125 0.171875 0.0640625 0.0640625
2 0.36875 0.32421875 0.0765625 0.0765625
2 0.43671875 0.35859375 0.0484375 0.059375
2 0.58828125 0.5796875 0.0421875 0.05
2 0.55078125 0.6109375 0.05625 0.0578125
2 0.496875 0.440625 0.0515625 0.0546875
6 0.43046875 0.240625 0.0609375 0.0640625
6 0.49140625 0.534375 0.0546875 0.0609375