0 0.34453125 0.090625 0.29609375 0.13125
0 0.39375 0.57890625 0.45390625 0.30859375
3 0.75078125 0.36875 0.21640625 0.07265625
3 0.76796875 0.10859375 0.25390625 0.1875
2 0.09140625 0.14296875 0.10234375 0.04609375
2 0.22265625 0.36328125 0.1125 0.0375
2 0.44375 0.36640625 0.10859375 0.04609375
2 0.72109375 0.73671875 0.09375 0.04765625
6 0.08046875 0.040625 0.12109375 0.0375
6 0.81875 0.26484375 0.0625 0.08359375
6 0.71875 0.56953125 0.09609375 0.03984375
6 0.73046875 0.62421875 0.075 0.03515625
6 0.72109375 0.68046875 0.09375 0.03359375
6 0.55078125 0.87890625 0.05625 0.07890625
6 0.28671875 0.87890625 0.13984375 0.04765625
1 0.72734375 0.87734375 0.14140625 0.0875