0 0.53203125 0.50390625 0.16015625 0.09375
0 0.30390625 0.684375 0.075 0.0375
1 0.56953125 0.07578125 0.07109375 0.07890625
1 0.49296875 0.88359375 0.10859375 0.05
1 0.41171875 0.08125 0.08515625 0.0625
6 0.72421875 0.33671875 0.1 0.0375
6 0.72734375 0.38515625 0.08984375 0.03515625
6 0.725 0.43828125 0.08125 0.03515625
6 0.62265625 0.86640625 0.05390625 0.06484375
6 0.7125 0.86171875 0.05 0.075
6 0.80234375 0.87109375 0.05625 0.06875
2 0.41875 0.68359375 0.05 0.0625
2 0.1875 0.68671875 0.05859375 0.0625
2 0.32265625 0.43203125 0.09765625 0.03359375
2 0.32109375 0.3875 0.08515625 0.0375
0 0.50234375 0.209375 0.17265625 0.1125