3 0.5109375 0.18203125 0.978125 0.3640625
4 0.225 0.36953125 0.096875 0.0984375
2 0.3484375 0.3921875 0.059375 0.065625
2 0.51953125 0.3640625 0.0875 0.0296875
2 0.7484375 0.525 0.0859375 0.028125
2 0.5671875 0.478125 0.0703125 0.021875
2 0.4265625 0.621875 0.0609375 0.01875
2 0.5265625 0.6359375 0.0359375 0.034375
2 0.353125 0.69453125 0.065625 0.0234375
2 0.60546875 0.721875 0.0640625 0.025
2 0.33984375 0.7984375 0.0703125 0.0265625
2 0.59453125 0.825 0.06875 0.034375
6 0.4796875 0.40390625 0.046875 0.0390625
6 0.54140625 0.41015625 0.0359375 0.04375
6 0.74609375 0.559375 0.08125 0.03125
6 0.75546875 0.48984375 0.06875 0.028125
6 0.42890625 0.91328125 0.0796875 0.03125
6 0.6546875 0.96640625 0.0734375 0.028125
1 0.2578125 0.92421875 0.08125 0.0328125
0 0.49609375 0.546875 0.2875 0.11875
0 0.3484375 0.74453125 0.0921875 0.059375
0 0.603125 0.771875 0.0921875 0.05625