0 0.38671875 0.31484375 0.24765625 0.26875
2 0.13984375 0.503125 0.04609375 0.06640625
2 0.39453125 0.68125 0.05859375 0.04375
2 0.43046875 0.50234375 0.05859375 0.04765625
2 0.40703125 0.12109375 0.06015625 0.05859375
2 0.49296875 0.17109375 0.05859375 0.05859375
2 0.615625 0.31328125 0.07109375 0.07109375
2 0.55078125 0.35390625 0.04375 0.05625
2 0.41875 0.58671875 0.0375 0.04765625
2 0.459375 0.61484375 0.05234375 0.05390625
2 0.49765625 0.440625 0.04765625 0.05
6 0.546875 0.23515625 0.05625 0.06015625
6 0.51171875 0.53359375 0.05 0.05625