0 0.4 0.271875 0.10625 0.17734375
3 0.19921875 0.39921875 0.1875 0.14765625
3 0.77578125 0.40546875 0.20625 0.175
3 0.49453125 0.83203125 0.18125 0.16640625
2 0.17734375 0.25234375 0.01640625 0.025
2 0.28828125 0.25703125 0.0125 0.025
2 0.20390625 0.25546875 0.0125 0.03125
2 0.24921875 0.26015625 0.03359375 0.01640625
2 0.25 0.2875 0.02890625 0.01484375
2 0.25078125 0.30703125 0.02890625 0.01484375
2 0.31328125 0.31640625 0.01484375 0.02734375
2 0.5125 0.296875 0.0375 0.01875
6 0.56328125 0.29453125 0.03125 0.01640625
7 0.490625 0.57890625 0.05390625 0.0375
2 0.55 0.56015625 0.05 0.02265625
7 0.47265625 0.715625 0.05390625 0.05234375
2 0.41875 0.6375 0.02109375 0.0375
2 0.41953125 0.69453125 0.02109375 0.04375
2 0.56796875 0.70625 0.04609375 0.02109375
2 0.565625 0.73828125 0.04375 0.02265625
6 0.446875 0.575 0.01640625 0.03125
2 0.54921875 0.590625 0.05 0.02109375
6 0.51796875 0.715625 0.01875 0.04375