6 0.64765625 0.8484375 0.1046875 0.196875
6 0.35625 0.2296875 0.0671875 0.1203125
6 0.3734375 0.45390625 0.0828125 0.059375
6 0.3828125 0.52890625 0.0578125 0.11875
6 0.3765625 0.6390625 0.075 0.071875
2 0.4109375 0.75078125 0.0734375 0.078125
2 0.29375 0.7734375 0.0671875 0.0625
2 0.11015625 0.7796875 0.0578125 0.0609375
0 0.16640625 0.61796875 0.171875 0.20625
3 0.28671875 0.2390625 0.09375 0.175
3 0.1234375 0.09609375 0.246875 0.1328125
3 0.20703125 0.2421875 0.06875 0.175
3 0.13828125 0.25625 0.0703125 0.2171875
2 0.3734375 0.36484375 0.0734375 0.0546875
3 0.728125 0.4703125 0.54375 0.40625
2 0.52421875 0.27421875 0.075 0.0609375