0 0.49921875 0.525 0.20625 0.25234375
4 0.78671875 0.24296875 0.10625 0.06875
4 0.784375 0.33515625 0.11640625 0.07109375
2 0.53046875 0.125 0.02890625 0.07109375
2 0.58828125 0.121875 0.02890625 0.07109375
2 0.31953125 0.26328125 0.02734375 0.06875
2 0.375 0.26171875 0.03359375 0.075
2 0.446875 0.26328125 0.02734375 0.06875
2 0.58046875 0.259375 0.03359375 0.07890625
2 0.63828125 0.265625 0.0375 0.08515625
2 0.196875 0.30859375 0.06875 0.05390625
2 0.175 0.48984375 0.04375 0.03515625
2 0.284375 0.49140625 0.06640625 0.03984375
2 0.17265625 0.56015625 0.05234375 0.04140625
2 0.28203125 0.56015625 0.05859375 0.04140625
2 0.203125 0.75703125 0.075 0.05625
2 0.31796875 0.78671875 0.03359375 0.07109375
2 0.37890625 0.78984375 0.02890625 0.07890625
2 0.43671875 0.78671875 0.03359375 0.0875
2 0.49375 0.78515625 0.03359375 0.07890625
2 0.54765625 0.78671875 0.03515625 0.075
2 0.60546875 0.79453125 0.02890625 0.07734375
2 0.66328125 0.78671875 0.03984375 0.06875
2 0.79609375 0.77109375 0.07109375 0.05625
2 0.72578125 0.51328125 0.04765625 0.04765625
2 0.83203125 0.51328125 0.05625 0.04140625
2 0.72734375 0.58359375 0.05 0.03984375
2 0.83515625 0.584375 0.06640625 0.05234375
6 0.44765625 0.11796875 0.03984375 0.07890625
6 0.525 0.25078125 0.03984375 0.06875