3 0.175 0.49296875 0.13515625 0.55390625
3 0.86640625 0.378125 0.075 0.21015625
3 0.90625 0.58359375 0.0875 0.1375
1 0.75859375 0.27890625 0.03359375 0.06484375
7 0.64140625 0.275 0.06015625 0.06640625
4 0.64609375 0.371875 0.03984375 0.07265625
4 0.671875 0.65703125 0.04375 0.07734375
7 0.690625 0.76875 0.05859375 0.07109375
6 0.796875 0.684375 0.03515625 0.06640625
6 0.74140625 0.68671875 0.03125 0.05859375
1 0.80703125 0.775 0.03515625 0.07265625
6 0.76484375 0.34609375 0.03984375 0.0625
6 0.703125 0.35234375 0.03515625 0.07265625
0 0.74765625 0.44375 0.13359375 0.07890625
0 0.759375 0.53359375 0.14765625 0.1125