3 0.12734375 0.48984375 0.24609375 0.4625
0 0.64765625 0.66953125 0.17734375 0.24140625
0 0.63125 0.19765625 0.32265625 0.28515625
1 0.34609375 0.75078125 0.09765625 0.06640625
4 0.36015625 0.49453125 0.08515625 0.06640625
4 0.353125 0.42265625 0.075 0.06875
4 0.35390625 0.33515625 0.07109375 0.07734375
1 0.73125 0.49609375 0.09375 0.05625
6 0.35234375 0.65546875 0.06875 0.05859375
2 0.359375 0.58046875 0.06015625 0.04140625
2 0.56171875 0.40859375 0.08515625 0.05
2 0.5625 0.50234375 0.06640625 0.04609375
6 0.73671875 0.41796875 0.07265625 0.03984375
6 0.359375 0.25078125 0.06875 0.04140625
6 0.35078125 0.17265625 0.07109375 0.04765625
6 0.34921875 0.0875 0.075 0.03984375