6 0.14140625 0.12109375 0.23125 0.20234375
6 0.08125 0.31484375 0.08515625 0.03125
6 0.08359375 0.36640625 0.08359375 0.025
6 0.784375 0.31796875 0.08984375 0.02890625
6 0.63203125 0.41328125 0.07890625 0.03359375
6 0.19609375 0.6125 0.06015625 0.05859375
6 0.79375 0.61328125 0.05859375 0.05390625
6 0.640625 0.77890625 0.07265625 0.03125
6 0.69375 0.88515625 0.08515625 0.02734375
0 0.48828125 0.07890625 0.22734375 0.10625
7 0.26328125 0.34375 0.11640625 0.06640625
7 0.62578125 0.34140625 0.1125 0.07109375
7 0.78984375 0.396875 0.10234375 0.06875
4 0.92734375 0.365625 0.06484375 0.08125
4 0.49140625 0.23125 0.225 0.08125
1 0.49296875 0.34453125 0.05625 0.05625
1 0.4875 0.884375 0.11484375 0.04140625
0 0.34921875 0.56484375 0.16484375 0.16484375
0 0.64296875 0.55625 0.16640625 0.15625
2 0.68671875 0.71171875 0.10234375 0.03125
3 0.86171875 0.090625 0.26015625 0.15625