0 0.48515625 0.496875 0.5890625 0.6
0 0.90234375 0.43125 0.0859375 0.09375
7 0.1515625 0.79453125 0.0875 0.0875
2 0.8953125 0.234375 0.0765625 0.04375
2 0.89921875 0.28828125 0.078125 0.05625
2 0.89765625 0.3421875 0.078125 0.053125
2 0.91015625 0.5109375 0.075 0.0515625
2 0.0171875 0.29453125 0.034375 0.0859375
1 0.84453125 0.5734375 0.0625 0.0359375
1 0.84765625 0.6109375 0.0609375 0.034375
1 0.8515625 0.653125 0.0671875 0.03125
0 0.11171875 0.30546875 0.1 0.0921875
0 0.09609375 0.50546875 0.1703125 0.16875
6 0.13671875 0.690625 0.1109375 0.0578125
6 0.93671875 0.6015625 0.0796875 0.10625