3 0.90078125 0.2265625 0.1578125 0.3109375
3 0.9296875 0.5171875 0.140625 0.303125
3 0.90546875 0.8734375 0.1890625 0.175
3 0.70703125 0.90234375 0.25625 0.178125
4 0.1484375 0.21796875 0.0375 0.071875
4 0.165625 0.3953125 0.0328125 0.0734375
4 0.19375 0.6 0.0359375 0.06875
4 0.2125 0.79609375 0.034375 0.078125
7 0.16796875 0.81484375 0.053125 0.0640625
7 0.15234375 0.621875 0.05625 0.0578125
7 0.12578125 0.42109375 0.046875 0.0640625
7 0.10078125 0.23984375 0.0625 0.0609375
3 0.47421875 0.96484375 0.2515625 0.0703125
3 0.21484375 0.98125 0.2453125 0.0375
3 0.46953125 0.05546875 0.315625 0.096875
3 0.15078125 0.090625 0.3015625 0.1125
6 0.09609375 0.1875 0.046875 0.0296875
6 0.16015625 0.3046875 0.0265625 0.0625
6 0.13671875 0.3078125 0.03125 0.059375
6 0.1 0.29453125 0.046875 0.0296875
6 0.12109375 0.36484375 0.046875 0.0390625
6 0.1796875 0.48828125 0.0265625 0.0546875
6 0.15859375 0.4859375 0.025 0.0578125
6 0.12265625 0.4828125 0.0375 0.0296875
6 0.14375 0.571875 0.0390625 0.0359375
6 0.209375 0.68984375 0.028125 0.0546875
6 0.1828125 0.6921875 0.0296875 0.0578125
6 0.1453125 0.68203125 0.0421875 0.0265625
6 0.16171875 0.76171875 0.04375 0.0328125
6 0.16015625 0.86171875 0.0421875 0.0265625
6 0.22578125 0.8734375 0.0296875 0.05625
6 0.20234375 0.8734375 0.025 0.0546875
1 0.1703125 0.89296875 0.046875 0.028125
1 0.15 0.7171875 0.05 0.0328125
1 0.1265625 0.51484375 0.053125 0.0328125
1 0.10234375 0.321875 0.0484375 0.025