3 0.38125 0.075 0.2375 0.15
3 0.621875 0.075 0.2375 0.14140625
7 0.28515625 0.26328125 0.10625 0.08125
0 0.50703125 0.40546875 0.17109375 0.10859375
0 0.32734375 0.89921875 0.1125 0.0625
0 0.49609375 0.896875 0.12890625 0.06640625
6 0.46953125 0.54609375 0.08125 0.03515625
6 0.54453125 0.25625 0.04609375 0.04765625
6 0.284375 0.85078125 0.04609375 0.01640625
6 0.409375 0.85390625 0.05390625 0.0125
6 0.69375 0.92109375 0.12265625 0.03125
1 0.69765625 0.87734375 0.12109375 0.03359375
6 0.778125 0.59375 0.03984375 0.0375
2 0.37265625 0.240625 0.02265625 0.02890625
2 0.43359375 0.24453125 0.05390625 0.05390625
2 0.61484375 0.25703125 0.03125 0.05
2 0.68671875 0.26171875 0.05 0.06484375
2 0.75703125 0.259375 0.03984375 0.05234375
2 0.53984375 0.853125 0.03984375 0.02109375
2 0.38125 0.39296875 0.03359375 0.03125
2 0.46015625 0.31328125 0.05234375 0.01640625
2 0.634375 0.37109375 0.03125 0.02890625