4 0.35859375 0.32734375 0.175 0.1609375
0 0.35625 0.10546875 0.1578125 0.20625
2 0.53125 0.26484375 0.1109375 0.2265625
2 0.63984375 0.28828125 0.1140625 0.2171875
2 0.1171875 0.06953125 0.171875 0.1390625
2 0.88203125 0.31171875 0.06875 0.0609375
2 0.9703125 0.12734375 0.059375 0.0578125
4 0.96171875 0.21953125 0.0765625 0.078125
4 0.91640625 0.8734375 0.0765625 0.0859375
6 0.96796875 0.30390625 0.0640625 0.0671875
6 0.83515625 0.5328125 0.0875 0.0984375
6 0.815625 0.6578125 0.134375 0.109375
6 0.9546875 0.66953125 0.0625 0.0640625
6 0.92890625 0.96796875 0.059375 0.053125
2 0.834375 0.96796875 0.0828125 0.0640625
2 0.93515625 0.778125 0.078125 0.0578125