0 0.8515625 0.7671875 0.2 0.2625
0 0.928125 0.29296875 0.14375 0.2734375
0 0.428125 0.21015625 0.184375 0.2703125
2 0.559375 0.8515625 0.10625 0.0890625
2 0.56171875 0.60546875 0.14375 0.11875
2 0.83359375 0.24921875 0.146875 0.1078125
2 0.28359375 0.10859375 0.0875 0.1546875
2 0.146875 0.22265625 0.1078125 0.1390625
2 0.553125 0.35703125 0.1375 0.159375
6 0.9046875 0.50703125 0.1453125 0.121875
6 0.7421875 0.47578125 0.1265625 0.0984375
6 0.68203125 0.73046875 0.0859375 0.221875
6 0.74453125 0.7125 0.0890625 0.190625
6 0.21484375 0.353125 0.121875 0.0765625
6 0.1203125 0.44765625 0.11875 0.0734375