0 0.4984375 0.525 0.228125 0.26875
4 0.23671875 0.21875 0.1125 0.078125
4 0.23125 0.3109375 0.121875 0.08125
2 0.50234375 0.1234375 0.034375 0.0734375
2 0.4453125 0.115625 0.034375 0.0734375
2 0.70078125 0.2796875 0.0328125 0.0703125
2 0.6453125 0.2734375 0.040625 0.078125
2 0.5734375 0.26875 0.0328125 0.0703125
2 0.440625 0.253125 0.040625 0.08125
2 0.3828125 0.2546875 0.0453125 0.0875
2 0.81875 0.3359375 0.0734375 0.059375
2 0.825 0.51796875 0.046875 0.0390625
2 0.715625 0.51015625 0.0703125 0.0453125
2 0.82109375 0.58828125 0.05625 0.0453125
2 0.71171875 0.57890625 0.0625 0.046875
2 0.7734375 0.78203125 0.0796875 0.0625
2 0.65625 0.8015625 0.0390625 0.0734375
2 0.5953125 0.79921875 0.0359375 0.08125
2 0.53828125 0.79140625 0.040625 0.090625
2 0.48125 0.784375 0.040625 0.08125
2 0.42734375 0.78125 0.0421875 0.078125
2 0.36953125 0.784375 0.0359375 0.0796875
2 0.3125 0.77109375 0.0453125 0.071875
2 0.18125 0.74453125 0.075 0.0625
2 0.27421875 0.49375 0.0515625 0.0515625
2 0.16796875 0.484375 0.059375 0.046875
2 0.26640625 0.56328125 0.053125 0.04375
2 0.15859375 0.5546875 0.0703125 0.0578125
6 0.58515625 0.12421875 0.046875 0.0828125
6 0.496875 0.24921875 0.0453125 0.071875