3 0.45390625 0.0859375 0.2640625 0.171875
0 0.26171875 0.41953125 0.1859375 0.115625
0 0.7078125 0.359375 0.2734375 0.159375
0 0.53359375 0.73828125 0.2890625 0.153125
2 0.32734375 0.7140625 0.0578125 0.065625
2 0.73359375 0.66171875 0.065625 0.0765625
2 0.37578125 0.5390625 0.0640625 0.0671875
2 0.64140625 0.4953125 0.0671875 0.065625
6 0.503125 0.51875 0.053125 0.0625
6 0.42421875 0.61484375 0.0984375 0.0421875
6 0.6140625 0.58828125 0.09375 0.0390625
6 0.41171875 0.9109375 0.10625 0.04375
1 0.71640625 0.8703125 0.10625 0.0515625