3 0.44765625 0.0921875 0.3640625 0.184375
4 0.7703125 0.14453125 0.13125 0.159375
7 0.1078125 0.1359375 0.1125 0.0953125
7 0.58125 0.2671875 0.1234375 0.0734375
7 0.3765625 0.296875 0.140625 0.075
0 0.4890625 0.46015625 0.215625 0.1609375
0 0.51875 0.6734375 0.1296875 0.08125
1 0.35546875 0.88515625 0.146875 0.0640625
6 0.65078125 0.846875 0.125 0.0546875
6 0.6421875 0.75546875 0.05 0.059375
6 0.43046875 0.78515625 0.0546875 0.0640625
6 0.12578125 0.23984375 0.1234375 0.04375
6 0.13203125 0.29921875 0.084375 0.0375
6 0.68828125 0.49609375 0.0796875 0.03125
6 0.67265625 0.36953125 0.084375 0.0375
2 0.57265625 0.18671875 0.0984375 0.040625
2 0.359375 0.2078125 0.0984375 0.053125
2 0.78671875 0.2515625 0.10625 0.05625
2 0.65234375 0.440625 0.053125 0.0515625
2 0.50625 0.57421875 0.115625 0.0484375
2 0.63359375 0.65625 0.0625 0.0609375
2 0.4171875 0.68125 0.0578125 0.05625
2 0.46796875 0.34921875 0.090625 0.0359375