0 0.503125 0.47734375 0.371875 0.2875
2 0.32421875 0.06875 0.240625 0.090625
2 0.771875 0.16484375 0.071875 0.028125
2 0.31640625 0.26875 0.053125 0.071875
2 0.46484375 0.22109375 0.0875 0.028125
2 0.46953125 0.28046875 0.09375 0.0375
2 0.659375 0.29140625 0.05625 0.05
6 0.77265625 0.353125 0.078125 0.115625
6 0.76484375 0.59375 0.084375 0.115625
6 0.36328125 0.684375 0.08125 0.03125
6 0.21171875 0.69609375 0.0375 0.05
6 0.51171875 0.815625 0.084375 0.03125
5 0.653125 0.9171875 0.25625 0.165625
2 0.67265625 0.65859375 0.040625 0.059375