3 0.496875 0.15625 0.99375 0.3125
4 0.21328125 0.39921875 0.0875 0.08984375
2 0.33828125 0.40859375 0.05390625 0.06015625
2 0.50546875 0.3625 0.08515625 0.02109375
2 0.75 0.49921875 0.08515625 0.01875
2 0.56484375 0.47109375 0.06875 0.01484375
2 0.43984375 0.62890625 0.06015625 0.0125
2 0.540625 0.63203125 0.03359375 0.03125
2 0.37421875 0.70859375 0.06484375 0.01640625
2 0.628125 0.709375 0.0625 0.01875
2 0.371875 0.81328125 0.06875 0.01875
2 0.628125 0.81328125 0.06640625 0.02734375
6 0.46953125 0.40625 0.04375 0.03515625
6 0.53203125 0.40625 0.03125 0.04140625
6 0.75078125 0.53359375 0.07890625 0.02265625
6 0.753125 0.46328125 0.06640625 0.02109375
6 0.47265625 0.91875 0.07734375 0.02265625
6 0.70234375 0.94765625 0.07109375 0.02109375
1 0.303125 0.946875 0.07890625 0.025
0 0.50078125 0.546875 0.27890625 0.08984375
0 0.375 0.759375 0.0875 0.05
0 0.63125 0.759375 0.0875 0.04765625