3 0.15390625 0.15 0.25 0.28984375
3 0.44765625 0.14921875 0.25234375 0.275
3 0.8458401312499999 0.009259257812500001 0.6484502437499999 0.006944443749999999 0.6215334421875001 0.0405092578125 0.623980425 0.2893518515625 0.8605220234375001 0.2870370375 0.8711256125 0.27199074218749997 0.8694942890625 0.0567129625 0.8646003265625 0.0335648140625 0.8458401312499999 0.009259257812500001
3 0.2699836875 0.7199074078125001 0.0318107671875 0.7222222234375 0.0277324625 0.7418981484375 0.0244698203125 0.96875 0.0448613375 0.9976851859375 0.2487765078125 0.9976851859375 0.27243066875 0.9733796296874999 0.2756933125 0.730324075 0.2699836875 0.7199074078125001
3 0.5652528546875 0.7245370375 0.3246329515625 0.7256944437499999 0.32300163125000003 0.9710648140625 0.34013050625 0.9976851859375 0.5473083187500001 1 0.56443719375 0.9756944437499999 0.5709624796874999 0.76273148125 0.5652528546875 0.7245370375
3 0.8474714515624999 1 0.87928221875 0.9803240750000001 0.8686786296875001 0.7245370375 0.62071778125 0.7268518515625 0.6256117453125001 0.98148148125 0.6484502437499999 1 0.8474714515624999 1
6 0.15859375 0.43984375 0.01484375 0.04609375
6 0.15703125 0.56875 0.01484375 0.03359375
6 0.18515625 0.61171875 0.025 0.02109375
6 0.184375 0.6375 0.025 0.01875
6 0.26015625 0.66015625 0.02109375 0.02265625
6 0.46171875 0.59765625 0.02109375 0.01875
6 0.46015625 0.62421875 0.02265625 0.01875
6 0.309375 0.46953125 0.02734375 0.01875
6 0.353125 0.46953125 0.025 0.01875
6 0.31015625 0.365625 0.02109375 0.02265625
6 0.353125 0.36328125 0.01484375 0.01875
6 0.78125 0.38125 0.02109375 0.01875
6 0.78125 0.4875 0.025 0.02109375
6 0.82890625 0.484375 0.02265625 0.025
6 0.8625 0.434375 0.0125 0.02890625
6 0.8625 0.58671875 0.00859375 0.03125
6 0.78203125 0.53046875 0.02265625 0.01875
6 0.82734375 0.534375 0.02265625 0.01875
2 0.20546875 0.40234375 0.01484375 0.0375
2 0.22265625 0.40234375 0.01484375 0.03984375
2 0.26171875 0.58125 0.03125 0.02109375
2 0.2625 0.63125 0.02265625 0.01640625
2 0.26171875 0.68984375 0.02890625 0.01875
2 0.34453125 0.60390625 0.01484375 0.0375
2 0.36328125 0.60625 0.01484375 0.03359375
2 0.38828125 0.60703125 0.01640625 0.04140625
2 0.41015625 0.603125 0.01484375 0.03125
2 0.3875 0.49921875 0.02265625 0.01875
2 0.38671875 0.52890625 0.02109375 0.02109375
2 0.58515625 0.540625 0.025 0.06484375
2 0.61796875 0.53984375 0.01875 0.04375
2 0.6 0.66171875 0.01875 0.05390625
2 0.63203125 0.40703125 0.03515625 0.02890625
2 0.62734375 0.45390625 0.04375 0.04140625
6 0.75234375 0.58046875 0.0125 0.03359375
0 0.665625 0.53984375 0.05859375 0.10234375
7 0.31015625 0.41953125 0.04375 0.06640625
7 0.35625 0.41953125 0.04375 0.0625
7 0.78203125 0.434375 0.04375 0.0625
7 0.828125 0.43359375 0.03984375 0.06015625
7 0.78359375 0.584375 0.04375 0.075
7 0.82890625 0.584375 0.03515625 0.075