0 0.50078125 0.48828125 0.2171875 0.1453125
0 0.49140625 0.85234375 0.1421875 0.1109375
1 0.66484375 0.128125 0.1203125 0.0546875
6 0.46171875 0.2984375 0.1078125 0.0578125
6 0.296875 0.4359375 0.1296875 0.0609375
2 0.29453125 0.509375 0.1203125 0.0578125
6 0.29296875 0.578125 0.1171875 0.0609375
6 0.68359375 0.87890625 0.1125 0.0453125
6 0.6640625 0.46796875 0.05 0.1109375
6 0.74765625 0.4703125 0.05 0.115625
6 0.4546875 0.65625 0.1171875 0.0609375
7 0.30546875 0.84140625 0.13125 0.1015625
1 0.6875 0.81796875 0.115625 0.0515625
2 0.52578125 0.7796875 0.0546875 0.0265625
6 0.40078125 0.7765625 0.05 0.0234375
6 0.27265625 0.775 0.053125 0.021875