3 0.159375 0.3375 0.128125 0.234375
3 0.2015625 0.10078125 0.13125 0.2015625
3 0.95 0.30078125 0.00625 0.0046875
3 0.89140625 0.17890625 0.1234375 0.2359375
3 0.86875 0.43125 0.1421875 0.2296875
0 0.49609375 0.59453125 0.284375 0.1484375
0 0.4546875 0.86796875 0.1265625 0.065625
6 0.3640625 0.9234375 0.08125 0.0375
1 0.5171875 0.94765625 0.1 0.04375
6 0.6109375 0.90703125 0.0640625 0.0203125
6 0.26484375 0.7296875 0.1046875 0.0421875
6 0.671875 0.7609375 0.090625 0.0375
6 0.66875 0.8078125 0.090625 0.040625
6 0.63515625 0.8859375 0.028125 0.028125
6 0.4359375 0.684375 0.0546875 0.0203125
6 0.365625 0.67578125 0.0484375 0.01875
6 0.68984375 0.63515625 0.046875 0.01875
6 0.6921875 0.61328125 0.0484375 0.01875
6 0.69609375 0.59140625 0.0515625 0.021875
6 0.70546875 0.54375 0.053125 0.0171875
6 0.54765625 0.5046875 0.0484375 0.021875
6 0.46953125 0.4921875 0.0546875 0.0171875
2 0.59609375 0.87890625 0.0359375 0.025
2 0.5578125 0.87109375 0.028125 0.028125
2 0.3453125 0.84140625 0.0234375 0.025
2 0.30703125 0.8359375 0.0375 0.0296875
2 0.68359375 0.675 0.046875 0.01875