3 0.48828125 0.20859375 0.1625 0.19140625
4 0.07734375 0.49453125 0.01015625 0.1
4 0.13515625 0.5 0.01640625 0.09140625
4 0.19609375 0.48671875 0.01484375 0.09765625
4 0.253125 0.490625 0.01640625 0.09140625
4 0.31484375 0.496875 0.0125 0.09375
4 0.37265625 0.49140625 0.01640625 0.07109375
4 0.43359375 0.49140625 0.01484375 0.08984375
4 0.49375 0.48984375 0.0125 0.09375
4 0.553125 0.48828125 0.0125 0.10625
4 0.61328125 0.48984375 0.01484375 0.10390625
4 0.67265625 0.49921875 0.0125 0.11875
4 0.734375 0.49140625 0.01015625 0.08125
4 0.79453125 0.4875 0.01015625 0.08125
4 0.85390625 0.490625 0.01640625 0.0875
4 0.9125 0.49296875 0.01484375 0.0875
4 0.97265625 0.4875 0.0125 0.09375
1 0.07734375 0.58671875 0.01875 0.04765625
1 0.13671875 0.59296875 0.0125 0.0375
1 0.19921875 0.59609375 0.01640625 0.05625
1 0.25546875 0.59296875 0.02109375 0.06640625
1 0.31484375 0.59453125 0.02109375 0.06875
1 0.375 0.59296875 0.01875 0.06640625
1 0.434375 0.59296875 0.02109375 0.06640625
1 0.49453125 0.58359375 0.01875 0.06640625
1 0.55625 0.5875 0.02109375 0.06875
1 0.61328125 0.58828125 0.02109375 0.06640625
1 0.67265625 0.59453125 0.02265625 0.05390625
1 0.73359375 0.59609375 0.01875 0.07109375
1 0.79296875 0.59296875 0.02265625 0.0625
1 0.85546875 0.5875 0.01875 0.06015625
1 0.915625 0.58828125 0.01484375 0.06640625
1 0.97578125 0.59453125 0.01640625 0.0625
6 0.07734375 0.68671875 0.01640625 0.0875
6 0.13671875 0.68125 0.01484375 0.06015625
6 0.19453125 0.68671875 0.01875 0.07265625
6 0.25546875 0.68046875 0.01484375 0.08515625
6 0.31640625 0.68046875 0.0125 0.06640625
6 0.37421875 0.67890625 0.01640625 0.07890625
6 0.43359375 0.690625 0.01484375 0.07890625
6 0.49375 0.684375 0.01640625 0.09765625
6 0.55546875 0.68984375 0.01640625 0.09375
6 0.6125 0.68984375 0.01640625 0.10390625
6 0.67734375 0.68515625 0.01875 0.1
6 0.73203125 0.67421875 0.02109375 0.09765625
6 0.79140625 0.68671875 0.025 0.12109375
6 0.85546875 0.6875 0.02109375 0.10390625
6 0.91875 0.70625 0.02109375 0.08984375
6 0.978125 0.690625 0.0125 0.12109375
1 0.59375 0.1875 0.01875 0.07890625
3 0.29375 0.87734375 0.32265625 0.2
3 0.69453125 0.871875 0.325 0.19609375