2 0.903125 0.1328125 0.08125 0.115625
2 0.81640625 0.1375 0.071875 0.1078125
2 0.7390625 0.19453125 0.0359375 0.065625
2 0.65 0.465625 0.0453125 0.05625
2 0.5578125 0.48671875 0.0875 0.0390625
2 0.44609375 0.4984375 0.0734375 0.028125
2 0.367598703125 0.5448048421875 0.3070150453125 0.603079615625 0.339398890625 0.6191016890625 0.399826634375 0.5590448125 0.367598703125 0.5448048421875
2 0.2061051890625 0.6253761515625 0.20744789687499998 0.654888425 0.3023817546875 0.6492764 0.3020350484375 0.6169833765625 0.2061051890625 0.6253761515625
2 0.217122396875 0.6663129203125 0.21103391093749999 0.6958767578125 0.30596776875 0.6902647328125 0.29950351249999996 0.6635948609375 0.217122396875 0.6663129203125
2 0.226043659375 0.711623125 0.224614796875 0.7377863953125 0.3221643109375 0.7337412718749999 0.3219735171875 0.70323035 0.226043659375 0.711623125
2 0.23454915468749998 0.7521810578125 0.2334321203125 0.78190853125 0.333129546875 0.7740840078125 0.3293271 0.744786934375 0.23454915468749998 0.7521810578125
2 0.6912883828124999 0.5191792765625001 0.7012924968750001 0.5910315875000001 0.739184596875 0.58502284375 0.7319520500000001 0.5165195390624999 0.6912883828124999 0.5191792765625001
6 0.7198677015625 0.25090907812499996 0.729404071875 0.3174150828125 0.7695999984374999 0.3094090421875 0.761527365625 0.2454685875 0.7198677015625 0.25090907812499996
0 0.8703125 0.29296875 0.203125 0.16875
0 0.8859375 0.4953125 0.1953125 0.165625
0 0.09296875 0.340625 0.1859375 0.153125
0 0.1078125 0.540625 0.196875 0.1609375
6 0.94609375 0.6484375 0.0671875 0.084375
6 0.859375 0.634375 0.0328125 0.040625
6 0.8625 0.7125 0.0390625 0.0546875
6 0.8375 0.78125 0.0875 0.034375
1 0.7171875 0.7953125 0.0828125 0.0296875
6 0.06640625 0.69453125 0.0734375 0.084375
6 0.16328125 0.6703125 0.0359375 0.0375
6 0.17421875 0.75703125 0.0390625 0.046875
2 0.20859375 0.2171875 0.040625 0.040625
6 0.2125 0.30625 0.0390625 0.0625
6 0.221875 0.39296875 0.0453125 0.05625
6 0.22421875 0.478125 0.0359375 0.0546875
6 0.234375 0.57109375 0.034375 0.046875
0 0.521875 0.68203125 0.33125 0.2484375
2 0.40098986875 0.8839723640624999 0.4335296234375 0.9017765390625 0.4991886734375 0.8448534656250001 0.49364554062500005 0.838155459375 0.4640332640625 0.8254823890624999 0.40098986875 0.8839723640624999
6 0.2382910828125 0.794951490625 0.2368622203125 0.8211147625 0.3367155609375 0.815072340625 0.3316052890625 0.7849918140625001 0.2382910828125 0.794951490625
6 0.241721184375 0.8341577234375 0.240448234375 0.8621030953125001 0.34030157499999997 0.8560606734375 0.33780695625 0.8275470500000001 0.241721184375 0.8341577234375
2 0.729138446875 0.6685059046874999 0.738293234375 0.6739900624999999 0.8243841328125001 0.666458084375 0.8240374265625 0.634165059375 0.7354867875 0.6419122374999999 0.729138446875 0.6685059046874999
2 0.728168084375 0.6290844734375 0.7697672328125 0.6371173453125001 0.8234137718750001 0.627036653125 0.8207632390624999 0.596740928125 0.72729311875 0.6049185031250001 0.728168084375 0.6290844734375
6 0.73296445 0.4006055984375 0.74227515 0.40787185781249996 0.7773956828124999 0.3985141125 0.76932305 0.33457366093749996 0.727663384375 0.34001415156250003 0.73296445 0.4006055984375
6 0.73776289375 0.42712192031249996 0.745151353125 0.497407328125 0.7853472796875 0.48940128437499997 0.7771187328125 0.42367873125 0.73776289375 0.42712192031249996
6 0.746563815625 0.5843772453125 0.7555626906249999 0.5880793015625 0.7908391375 0.58050365625 0.7824546765625 0.512999 0.7406390968750001 0.516657390625 0.746563815625 0.5843772453125