2 0.18828125 0.33984375 0.334375 0.6109375
4 0.459375 0.24140625 0.1484375 0.3390625
2 0.91328125 0.3875 0.1015625 0.2296875
2 0.3109375 0.796875 0.1140625 0.23125
2 0.228125 0.80859375 0.09375 0.2359375
6 0.45703125 0.875 0.075 0.075
6 0.64609375 0.84609375 0.078125 0.06875
6 0.76171875 0.74140625 0.0796875 0.090625
6 0.865625 0.79296875 0.0578125 0.125
6 0.8265625 0.5953125 0.05625 0.125
6 0.7328125 0.55546875 0.08125 0.078125
2 0.7453125 0.6484375 0.0734375 0.06875
0 0.509375 0.634375 0.2203125 0.33125
2 0.3734375 0.40625 0.0484375 0.1140625