3 0.26171875 0.11015625 0.41640625 0.14765625
3 0.75 0.10234375 0.40859375 0.12265625
3 0.03125 0.35546875 0.05390625 0.21015625
3 0.9765625 0.3015625 0.046875 0.178125
3 0.95390625 0.659375 0.07109375 0.34609375
3 0.50625 0.78828125 0.23125 0.10625
3 0.42421875 0.9390625 0.0765625 0.121875
4 0.10078125 0.62734375 0.01875 0.12734375
4 0.16171875 0.63125 0.02109375 0.1125
4 0.22109375 0.62890625 0.02109375 0.10234375
4 0.28359375 0.625 0.02109375 0.10859375
4 0.33984375 0.61796875 0.02265625 0.07890625
4 0.40234375 0.625 0.01640625 0.1
4 0.45078125 0.63046875 0.02109375 0.08515625
4 0.528125 0.628125 0.01875 0.1
4 0.57578125 0.62890625 0.025 0.07890625
4 0.63671875 0.62734375 0.02109375 0.10390625
4 0.69453125 0.621875 0.02265625 0.07890625
4 0.753125 0.63203125 0.02109375 0.09609375
4 0.815625 0.628125 0.01875 0.09609375
4 0.878125 0.63046875 0.02109375 0.09609375
4 0.22421875 0.73515625 0.03359375 0.03984375
4 0.28828125 0.7375 0.04140625 0.02890625
4 0.75 0.74375 0.04375 0.03125
4 0.8125 0.73984375 0.03515625 0.04765625
0 0.23515625 0.82421875 0.05 0.0875
0 0.75703125 0.81796875 0.05390625 0.07890625
2 0.20625 0.909375 0.025 0.03359375
2 0.23671875 0.91484375 0.03359375 0.04765625
2 0.72578125 0.903125 0.02265625 0.04375
2 0.765625 0.878125 0.05234375 0.04765625
1 0.278125 0.88203125 0.03515625 0.06875
1 0.67734375 0.871875 0.03125 0.07890625
4 0.63046875 0.86875 0.03125 0.05234375
4 0.34609375 0.86015625 0.04140625 0.05390625
6 0.225 0.95390625 0.05234375 0.04375
6 0.29375 0.940625 0.03359375 0.03515625
6 0.34609375 0.90546875 0.03515625 0.05
6 0.59140625 0.93515625 0.04375 0.06015625
6 0.671875 0.934375 0.03984375 0.04609375
6 0.73828125 0.946875 0.04140625 0.03515625
6 0.82265625 0.94453125 0.04765625 0.02890625