3 0.41328125 0.1421875 0.4171875 0.284375
0 0.51171875 0.5828125 0.25 0.190625
0 0.4515625 0.3359375 0.1421875 0.115625
2 0.3390625 0.9453125 0.190625 0.109375
6 0.5765625 0.8859375 0.1046875 0.0546875
6 0.8109375 0.83203125 0.125 0.06875
6 0.51015625 0.753125 0.0671875 0.0765625
6 0.59296875 0.73515625 0.0625 0.071875
6 0.7015625 0.49296875 0.0453125 0.0546875
6 0.7703125 0.4765625 0.0515625 0.0578125
6 0.71875 0.5765625 0.046875 0.0609375
6 0.78515625 0.56640625 0.0578125 0.0625
1 0.7984375 0.73984375 0.1125 0.0625
1 0.3171875 0.84765625 0.1234375 0.06875
1 0.75859375 0.02265625 0.1109375 0.0453125
1 0.04453125 0.178125 0.0890625 0.06875
6 0.04765625 0.265625 0.075 0.040625
6 0.3171875 0.35234375 0.06875 0.071875
2 0.67109375 0.26796875 0.0734375 0.06875
2 0.21953125 0.60546875 0.05 0.0546875
2 0.3015625 0.58515625 0.05625 0.05625
2 0.24453125 0.690625 0.046875 0.0625
2 0.31953125 0.6734375 0.0515625 0.05625
6 0.78203125 0.0921875 0.0734375 0.0359375