2 0.278125 0.66640625 0.12265625 0.09765625
2 0.27734375 0.77578125 0.11640625 0.10234375
2 0.17109375 0.68515625 0.04609375 0.05390625
2 0.29609375 0.55546875 0.03125 0.03984375
2 0.71796875 0.64921875 0.05625 0.25390625
2 0.71875 0.44765625 0.03984375 0.05390625
2 0.68125 0.321875 0.02265625 0.08984375
3 0.13515625 0.384375 0.09765625 0.17734375
3 0.8875 0.52890625 0.09375 0.30390625
3 0.63125 0.159375 0.07890625 0.19375
3 0.78828125 0.46328125 0.03984375 0.12890625
6 0.725 0.25625 0.06875 0.075
6 0.79140625 0.31484375 0.06640625 0.05
6 0.19296875 0.54765625 0.10234375 0.08515625