7 0.8046875 0.15 0.2859375 0.1859375
7 0.31015625 0.08984375 0.2953125 0.1796875
7 0.27890625 0.27421875 0.2796875 0.1859375
7 0.76171875 0.3484375 0.29375 0.203125
7 0.72265625 0.553125 0.2921875 0.19375
7 0.7234375 0.75390625 0.296875 0.1921875
7 0.2296875 0.6859375 0.275 0.1796875
7 0.25625 0.48125 0.271875 0.19375
6 0.55546875 0.12890625 0.1328125 0.1328125
6 0.53515625 0.29453125 0.1421875 0.1328125
6 0.4796875 0.52265625 0.140625 0.1421875
6 0.459375 0.696875 0.115625 0.134375
2 0.67109375 0.9140625 0.1859375 0.1140625