4 0.42578125 0.12890625 0.08984375 0.0875
4 0.31328125 0.71015625 0.04375 0.14609375
4 0.578125 0.696875 0.07890625 0.07265625
6 0.37421875 0.71484375 0.04765625 0.17109375
6 0.43203125 0.73359375 0.025 0.07734375
6 0.27890625 0.36953125 0.025 0.09140625
7 0.28203125 0.503125 0.05859375 0.07109375
6 0.24453125 0.63203125 0.05234375 0.0375
6 0.22578125 0.52421875 0.025 0.09609375
6 0.24375 0.70546875 0.04609375 0.04375
1 0.24453125 0.775 0.05625 0.03984375
2 0.228125 0.36796875 0.02734375 0.1
2 0.77578125 0.45859375 0.02265625 0.09765625
0 0.396875 0.45078125 0.10625 0.25
0 0.58359375 0.45078125 0.09765625 0.24140625
3 0.121875 0.43515625 0.13984375 0.41875
3 0.878125 0.43984375 0.15625 0.24375