0 0.61171875 0.77109375 0.32109375 0.21484375
4 0.94765625 0.075 0.10390625 0.10390625
1 0.06640625 0.07265625 0.075 0.09765625
4 0.2125 0.64609375 0.07890625 0.1
6 0.06953125 0.45703125 0.06015625 0.05625
6 0.246875 0.88671875 0.06484375 0.0875
6 0.73515625 0.915625 0.09765625 0.03125
6 0.84296875 0.84375 0.05859375 0.0625
6 0.83984375 0.725 0.05859375 0.07109375
6 0.84765625 0.61015625 0.05625 0.05234375
2 0.74453125 0.61171875 0.06484375 0.0625
2 0.45859375 0.91953125 0.12109375 0.05234375
2 0.20546875 0.53671875 0.07734375 0.05