3 0.22109375 0.05078125 0.2484375 0.1015625
3 0.5015625 0.06015625 0.234375 0.1203125
3 0.796875 0.07890625 0.353125 0.1421875
3 0.16015625 0.2375 0.2125 0.05625
7 0.4484375 0.16640625 0.1125 0.053125
7 0.721875 0.1875 0.109375 0.053125
6 0.159375 0.190625 0.0875 0.0328125
6 0.4109375 0.253125 0.0359375 0.03125
6 0.47421875 0.2578125 0.0328125 0.0296875
6 0.6859375 0.271875 0.0359375 0.0296875
6 0.7453125 0.2765625 0.0359375 0.0296875
6 0.43515625 0.79375 0.0859375 0.028125
7 0.28046875 0.9109375 0.084375 0.0578125
6 0.65859375 0.95234375 0.0796875 0.028125
1 0.65859375 0.9234375 0.0890625 0.028125
6 0.24921875 0.875 0.040625 0.0109375
6 0.3765625 0.88359375 0.0421875 0.0109375
2 0.50078125 0.8921875 0.04375 0.015625
2 0.1765625 0.34609375 0.0359375 0.0359375
2 0.2375 0.34921875 0.03125 0.03125
2 0.16953125 0.48046875 0.0375 0.034375
2 0.22890625 0.484375 0.03125 0.03125
2 0.38984375 0.5609375 0.0421875 0.015625
6 0.48828125 0.5671875 0.034375 0.0125
6 0.64453125 0.5765625 0.0421875 0.015625
6 0.72890625 0.584375 0.040625 0.015625
0 0.5015625 0.43203125 0.4203125 0.203125
0 0.46484375 0.92578125 0.121875 0.0625