7 0.584375 0.18046875 0.1421875 0.2578125
7 0.390625 0.7234375 0.1796875 0.2234375
7 0.5578125 0.75546875 0.178125 0.2484375
6 0.36015625 0.04296875 0.1140625 0.0859375
6 0.334375 0.16796875 0.1203125 0.125
6 0.90078125 0.2875 0.1875 0.240625
6 0.70625 0.41640625 0.1 0.19375
6 0.77578125 0.715625 0.0890625 0.175
6 0.859375 0.73359375 0.0921875 0.1671875
6 0.81015625 0.93046875 0.0984375 0.1390625
6 0.71953125 0.92578125 0.0921875 0.1484375
6 0.16328125 0.86328125 0.1265625 0.140625
2 0.51640625 0.38203125 0.125 0.13125
2 0.4 0.5046875 0.0625 0.071875
6 0.8609375 0.49765625 0.1875 0.1828125