4 0.3984375 0.75546875 0.128125 0.1046875
2 0.7625 0.66328125 0.2 0.1984375
2 0.66328125 0.25 0.1890625 0.184375
2 0.4890625 0.2875 0.178125 0.184375
0 0.6140625 0.4796875 0.175 0.225
2 0.58828125 0.70078125 0.178125 0.18125
2 0.73125 0.34375 0.0328125 0.0265625
2 0.746875 0.4171875 0.034375 0.025
2 0.75234375 0.4390625 0.0296875 0.021875
2 0.7578125 0.46328125 0.03125 0.021875
2 0.46796875 0.41640625 0.0328125 0.0265625
2 0.47421875 0.43984375 0.034375 0.0234375
2 0.484375 0.4875 0.034375 0.025
2 0.48828125 0.51015625 0.0328125 0.025
2 0.49921875 0.55703125 0.0359375 0.0234375
2 0.51015625 0.58515625 0.034375 0.025
2 0.334375 0.509375 0.034375 0.0359375
2 0.31171875 0.5171875 0.0234375 0.034375
2 0.26484375 0.5265625 0.0265625 0.0328125
2 0.37578125 0.25234375 0.028125 0.0375
2 0.28125 0.27109375 0.03125 0.0421875
2 0.259375 0.27578125 0.0265625 0.0390625
2 0.2140625 0.2875 0.0265625 0.0390625
6 0.7359375 0.36875 0.028125 0.0203125
6 0.7421875 0.3921875 0.028125 0.021875
6 0.7609375 0.4875 0.028125 0.021875
6 0.76796875 0.50859375 0.025 0.0203125
6 0.77421875 0.53203125 0.0265625 0.0234375
6 0.28984375 0.51875 0.025 0.03125
6 0.23671875 0.28125 0.0234375 0.0359375
1 0.43984375 0.80546875 0.0421875 0.0328125
6 0.38671875 0.81875 0.0390625 0.0265625
2 0.5015625 0.77578125 0.025 0.034375
6 0.81875 0.42578125 0.034375 0.021875