0 0.50078125 0.38671875 0.35234375 0.1625
0 0.503125 0.634375 0.34765625 0.15625
0 0.66953125 0.14375 0.09609375 0.10625
3 0.93359375 0.48359375 0.12109375 0.09765625
3 0.06015625 0.49453125 0.10859375 0.10859375
7 0.22734375 0.228125 0.04609375 0.04765625
4 0.453125 0.2375 0.08515625 0.03984375
4 0.75859375 0.41484375 0.08359375 0.05390625
2 0.38125 0.87265625 0.07734375 0.04765625
6 0.571875 0.07421875 0.0625 0.02734375
6 0.57109375 0.17421875 0.05 0.03515625
6 0.33125 0.23984375 0.05390625 0.02734375
6 0.56953125 0.24921875 0.05 0.02265625
6 0.76640625 0.16796875 0.05859375 0.03359375
6 0.76875 0.24453125 0.05234375 0.03359375
6 0.76796875 0.48046875 0.05234375 0.025
6 0.765625 0.559375 0.05625 0.03125
6 0.76953125 0.70234375 0.05625 0.02734375
6 0.38125 0.80546875 0.07109375 0.03984375
6 0.378125 0.953125 0.06640625 0.03515625
3 0.38125 0.08359375 0.21484375 0.10234375
5 0.68046875 0.85234375 0.23125 0.20234375
2 0.18828125 0.48828125 0.1625 0.18984375
2 0.2875 0.503125 0.0375 0.0625
2 0.77578125 0.31640625 0.10625 0.10625