0 0.49296875 0.60625 0.4125 0.1875
2 0.25234375 0.36953125 0.10859375 0.03515625
2 0.728125 0.4125 0.09140625 0.02890625
4 0.72578125 0.81484375 0.14140625 0.04375
0 0.20859375 0.79453125 0.13359375 0.09609375
4 0.33671875 0.78828125 0.07109375 0.08515625
1 0.50390625 0.88203125 0.11015625 0.04375
1 0.20859375 0.59296875 0.07734375 0.07109375
1 0.78359375 0.590625 0.06640625 0.06875
6 0.24921875 0.41640625 0.08515625 0.02265625
6 0.25390625 0.46328125 0.10625 0.0375
6 0.465625 0.41015625 0.075 0.02109375
6 0.59375 0.4125 0.08125 0.02265625
6 0.47734375 0.359375 0.04765625 0.03984375
6 0.55078125 0.35625 0.0375 0.04140625
6 0.20625 0.65546875 0.07734375 0.02890625
6 0.66640625 0.875 0.09140625 0.03984375
6 0.78359375 0.65703125 0.06640625 0.02734375
2 0.20078125 0.71875 0.07734375 0.02265625
2 0.71640625 0.76328125 0.10390625 0.03984375
2 0.44140625 0.76015625 0.08515625 0.02265625
6 0.31171875 0.884375 0.06640625 0.025