2 0.24375 0.48828125 0.13125 0.15234375
2 0.44140625 0.67734375 0.1375 0.15390625
2 0.76015625 0.41171875 0.13515625 0.14375
2 0.553125 0.21875 0.11640625 0.12265625
7 0.396875 0.45859375 0.14375 0.12265625
7 0.49921875 0.56796875 0.11015625 0.125
6 0.59296875 0.65078125 0.09140625 0.07734375
6 0.29921875 0.36328125 0.06875 0.07265625
6 0.47265625 0.32421875 0.09140625 0.09140625
6 0.53984375 0.38359375 0.0625 0.07890625
6 0.60390625 0.44765625 0.075 0.07890625
6 0.66640625 0.52265625 0.08359375 0.1