3 0.5125 0.078125 0.24609375 0.15
0 0.275 0.3875 0.175 0.09140625
0 0.725 0.38984375 0.25859375 0.125
0 0.5 0.740625 0.275 0.11640625
2 0.29921875 0.68828125 0.05 0.05859375
2 0.70859375 0.69296875 0.05625 0.06875
2 0.371875 0.52109375 0.05625 0.06015625
2 0.640625 0.51484375 0.06015625 0.05859375
6 0.50078125 0.51875 0.04609375 0.05625
6 0.409375 0.603125 0.09609375 0.02890625
6 0.60078125 0.603125 0.09140625 0.02734375
6 0.35546875 0.89453125 0.10390625 0.02890625
1 0.6625 0.896875 0.10234375 0.0375