4 0.84140625 0.05703125 0.0875 0.07265625
4 0.86328125 0.40546875 0.06484375 0.10625
1 0.05625 0.13515625 0.04375 0.07265625
1 0.06171875 0.24296875 0.03125 0.075
1 0.06015625 0.34765625 0.02734375 0.06875
0 0.20859375 0.27890625 0.12109375 0.10234375
0 0.48984375 0.32578125 0.08515625 0.08515625
0 0.67578125 0.23828125 0.22109375 0.25
2 0.171875 0.1125 0.18125 0.17890625
2 0.903125 0.22890625 0.18515625 0.17109375
2 0.41015625 0.32421875 0.02890625 0.05
2 0.25859375 0.3625 0.05 0.02890625
5 0.17890625 0.44609375 0.19609375 0.10390625
5 0.38828125 0.43203125 0.2125 0.11015625
5 0.60546875 0.44140625 0.21015625 0.11015625
6 0.31328125 0.32265625 0.025 0.05625
6 0.10703125 0.23046875 0.0375 0.04765625
6 0.109375 0.30625 0.02734375 0.05234375
6 0.80625 0.45078125 0.03125 0.07265625