1 0.2078125 0.62734375 0.134375 0.1109375
1 0.21484375 0.53515625 0.1421875 0.109375
1 0.22265625 0.41640625 0.1265625 0.1171875
1 0.22109375 0.32265625 0.1265625 0.0890625
1 0.828125 0.31015625 0.13125 0.0984375
1 0.82734375 0.39453125 0.1328125 0.0875
1 0.82890625 0.515625 0.1234375 0.1109375
1 0.83125 0.6125 0.128125 0.1
2 0.7375 0.5765625 0.03125 0.04375
2 0.29921875 0.58984375 0.0359375 0.0703125
2 0.31015625 0.378125 0.0375 0.05
2 0.74140625 0.36015625 0.0421875 0.0375
6 0.7 0.52265625 0.0546875 0.0375