3 0.4703125 0.09609375 0.465625 0.1921875
0 0.47421875 0.2703125 0.1296875 0.0875
0 0.51015625 0.61875 0.1875 0.1171875
0 0.35234375 0.91796875 0.1296875 0.075
0 0.5328125 0.9078125 0.128125 0.08125
6 0.48203125 0.771875 0.096875 0.0453125
6 0.7171875 0.9046875 0.0859375 0.0359375
2 0.5921875 0.22109375 0.059375 0.0203125
2 0.596875 0.24609375 0.0546875 0.0171875
2 0.340625 0.54609375 0.0234375 0.0328125
2 0.378125 0.54453125 0.0234375 0.0328125
2 0.53984375 0.70390625 0.0609375 0.0296875
2 0.56796875 0.85546875 0.0671875 0.021875
1 0.72421875 0.8671875 0.1234375 0.0484375
1 0.49140625 0.409375 0.121875 0.0515625
6 0.4921875 0.44765625 0.096875 0.0453125
6 0.30625 0.8796875 0.046875 0.0203125
6 0.44453125 0.865625 0.0484375 0.025
6 0.6234375 0.52421875 0.028125 0.03125
6 0.6625 0.52109375 0.0234375 0.03125