2 0.21328125 0.29453125 0.15234375 0.35625
2 0.215625 0.765625 0.14140625 0.36484375
5 0.89140625 0.79296875 0.19140625 0.28515625
0 0.7375 0.31015625 0.13359375 0.2875
6 0.71796875 0.10546875 0.08984375 0.09375
6 0.90390625 0.10546875 0.09765625 0.08984375
6 0.91015625 0.240625 0.08984375 0.09609375
6 0.91484375 0.384375 0.09765625 0.08359375
2 0.90703125 0.53203125 0.08515625 0.07109375
2 0.70859375 0.5 0.10625 0.08125
6 0.7125 0.62109375 0.09140625 0.10234375
6 0.32734375 0.83515625 0.05390625 0.19375
6 0.39296875 0.83125 0.05390625 0.19609375
6 0.48125 0.834375 0.05390625 0.18515625
6 0.56171875 0.825 0.04609375 0.16875
6 0.646875 0.828125 0.05 0.15390625
6 0.73046875 0.825 0.05390625 0.16484375