4 0.1984375 0.034375 0.09375 0.06875
4 0.14609375 0.37421875 0.0734375 0.1109375
1 0.97421875 0.175 0.05 0.0765625
1 0.959375 0.28203125 0.0375 0.078125
1 0.9515625 0.38671875 0.0328125 0.0703125
0 0.809375 0.30546875 0.1296875 0.1125
0 0.525 0.32734375 0.0921875 0.0921875
0 0.34765625 0.22421875 0.2421875 0.26875
2 0.8609375 0.1421875 0.196875 0.19375
2 0.121875 0.19453125 0.2 0.1859375
2 0.6046875 0.3328125 0.0328125 0.0515625
2 0.75234375 0.384375 0.0515625 0.0328125
5 0.82421875 0.47421875 0.2046875 0.1203125
5 0.6171875 0.4421875 0.221875 0.128125
5 0.4 0.4328125 0.21875 0.128125
6 0.7015625 0.33984375 0.0296875 0.0578125
6 0.91484375 0.265625 0.0421875 0.05
6 0.90625 0.34140625 0.03125 0.0546875
6 0.19921875 0.42421875 0.0375 0.075