0 0.696875 0.56171875 0.1125 0.221875
0 0.57890625 0.56953125 0.10625 0.2375
0 0.46015625 0.571875 0.109375 0.225
0 0.34375 0.56953125 0.1125 0.21875
0 0.225 0.57265625 0.121875 0.20625
0 0.69765625 0.821875 0.10625 0.221875
0 0.58125 0.834375 0.1 0.228125
0 0.46328125 0.83984375 0.1125 0.228125
0 0.34765625 0.84140625 0.115625 0.221875
0 0.22734375 0.83359375 0.11875 0.215625
7 0.76875 0.10234375 0.034375 0.078125
7 0.76875 0.203125 0.040625 0.078125
7 0.76484375 0.30546875 0.0375 0.065625
7 0.796875 0.41015625 0.040625 0.071875
7 0.83515625 0.5125 0.034375 0.071875
7 0.83515625 0.69609375 0.034375 0.071875
7 0.70859375 0.11328125 0.040625 0.078125
7 0.70546875 0.20703125 0.040625 0.071875
7 0.70625 0.30390625 0.0375 0.078125
7 0.36328125 0.10625 0.0375 0.084375
7 0.36796875 0.20859375 0.03125 0.071875
7 0.365625 0.30625 0.0375 0.075
4 0.14375 0.265625 0.05 0.125
0 0.57265625 0.10625 0.040625 0.08125
0 0.57578125 0.19921875 0.0375 0.071875
0 0.57421875 0.30703125 0.034375 0.06875
6 0.896875 0.23203125 0.0375 0.040625
6 0.9 0.28828125 0.0375 0.034375
6 0.84765625 0.10625 0.025 0.0625
6 0.8125 0.10390625 0.021875 0.06875
6 0.84921875 0.20546875 0.025 0.071875
6 0.81640625 0.209375 0.021875 0.0625
6 0.85078125 0.30703125 0.028125 0.08125
6 0.81796875 0.30859375 0.021875 0.075
6 0.8875 0.41328125 0.03125 0.08125
6 0.84921875 0.415625 0.025 0.084375
6 0.88515625 0.50546875 0.034375 0.065625
6 0.83828125 0.57890625 0.034375 0.034375
6 0.83515625 0.63203125 0.040625 0.040625
6 0.890625 0.71015625 0.025 0.084375
6 0.77890625 0.69453125 0.03125 0.0875
6 0.25078125 0.10234375 0.125 0.08125
6 0.24765625 0.2125 0.1125 0.08125
6 0.24765625 0.325 0.11875 0.0875
6 0.36171875 0.384375 0.053125 0.028125
6 0.646875 0.08515625 0.046875 0.046875
6 0.64453125 0.134375 0.046875 0.03125
6 0.64609375 0.18046875 0.046875 0.034375
6 0.64140625 0.22734375 0.046875 0.03125
6 0.64453125 0.28359375 0.040625 0.0375
6 0.64140625 0.33203125 0.046875 0.034375
6 0.4875 0.11015625 0.021875 0.078125
6 0.48515625 0.21171875 0.025 0.0625
6 0.48203125 0.31484375 0.028125 0.084375
0 0.43203125 0.10234375 0.040625 0.09375
0 0.43203125 0.20703125 0.04375 0.075
0 0.43046875 0.309375 0.040625 0.071875
2 0.51875 0.109375 0.025 0.078125
2 0.51953125 0.209375 0.021875 0.084375
2 0.521875 0.30546875 0.021875 0.065625
2 0.88359375 0.603125 0.034375 0.06875
2 0.83046875 0.76953125 0.04375 0.03125