0 0.328125 0.52890625 0.4171875 0.3953125
0 0.67734375 0.34765625 0.1234375 0.1203125
0 0.71640625 0.5234375 0.1375 0.1546875
7 0.60625 0.45625 0.06875 0.071875
7 0.58828125 0.36328125 0.0640625 0.06875
6 0.803125 0.5484375 0.0296875 0.046875
6 0.7453125 0.2953125 0.0234375 0.0421875
6 0.7578125 0.353125 0.028125 0.046875
6 0.4984375 0.35234375 0.021875 0.0375
6 0.5328125 0.35234375 0.0296875 0.046875
6 0.5796875 0.31796875 0.040625 0.0265625
6 0.5328125 0.42421875 0.0375 0.0296875
6 0.53671875 0.45 0.0359375 0.028125
6 0.5421875 0.471875 0.0375 0.028125
6 0.54765625 0.49765625 0.0390625 0.0265625
6 0.55390625 0.52578125 0.04375 0.0328125
1 0.55703125 0.5515625 0.0484375 0.03125
1 0.52734375 0.4 0.0515625 0.03125
6 0.62109375 0.4984375 0.0375 0.0296875
3 0.86953125 0.40859375 0.1515625 0.1578125
2 0.55546875 0.60546875 0.03125 0.0484375
2 0.5875 0.59765625 0.0296875 0.046875
4 0.63828125 0.5671875 0.04375 0.071875
4 0.78984375 0.49140625 0.0328125 0.04375
2 0.771875 0.428125 0.025 0.05