3 0.275 0.90859375 0.3375 0.15859375
3 0.47734375 0.15 0.4 0.22265625
3 0.71953125 0.90078125 0.33125 0.19765625
4 0.18359375 0.48515625 0.04375 0.10859375
4 0.340625 0.48046875 0.03515625 0.08125
4 0.49296875 0.4875 0.02890625 0.09609375
4 0.65390625 0.48125 0.03515625 0.07734375
4 0.80703125 0.48203125 0.02890625 0.06875
4 0.965625 0.47890625 0.02890625 0.09140625
1 0.18515625 0.59921875 0.04765625 0.06484375
1 0.34140625 0.59453125 0.0375 0.0625
1 0.5 0.59921875 0.0375 0.0625
1 0.64921875 0.59140625 0.03515625 0.05859375
1 0.81015625 0.590625 0.04609375 0.06640625
1 0.96640625 0.590625 0.04765625 0.07109375
1 0.75625 0.10078125 0.07109375 0.08359375
6 0.76328125 0.171875 0.0625 0.05234375
6 0.18359375 0.70078125 0.03125 0.11015625
6 0.34140625 0.70703125 0.025 0.09609375
6 0.496875 0.696875 0.02890625 0.09609375
6 0.65 0.71171875 0.03359375 0.11875
6 0.80703125 0.70390625 0.03515625 0.08984375
6 0.96640625 0.71171875 0.04375 0.13125