3 0.50078125 0.08046875 0.34765625 0.16015625
4 0.18828125 0.18046875 0.11484375 0.14609375
7 0.84453125 0.090625 0.10234375 0.08359375
7 0.390625 0.27890625 0.11640625 0.06015625
7 0.59765625 0.28359375 0.13515625 0.05859375
0 0.50625 0.459375 0.2 0.1375
0 0.50234375 0.67421875 0.12265625 0.06640625
1 0.690625 0.86484375 0.14140625 0.04765625
6 0.39296875 0.8625 0.12109375 0.03984375
6 0.38984375 0.77109375 0.04375 0.05390625
6 0.60390625 0.77421875 0.04765625 0.05859375
6 0.83984375 0.19609375 0.12109375 0.02890625
6 0.840625 0.25625 0.08125 0.02734375
6 0.3125 0.51875 0.07734375 0.02265625
6 0.3125 0.39140625 0.08125 0.02734375
2 0.38984375 0.19765625 0.09609375 0.02890625
2 0.60390625 0.19296875 0.09375 0.04140625
2 0.18515625 0.28828125 0.10234375 0.04375
2 0.34140625 0.459375 0.04765625 0.04609375
2 0.503125 0.57421875 0.1125 0.03515625
2 0.38671875 0.67109375 0.05625 0.05390625
2 0.60390625 0.66953125 0.05234375 0.05
2 0.51328125 0.34609375 0.0875 0.025