3 0.3125 0.05859375 0.34609375 0.11640625
3 0.75390625 0.05625 0.24609375 0.10234375
3 0.096875 0.24453125 0.1875 0.17890625
3 0.909375 0.25390625 0.18125 0.10234375
0 0.50234375 0.38671875 0.42265625 0.16875
6 0.378125 0.93828125 0.09140625 0.02734375
6 0.46484375 0.84453125 0.08984375 0.02734375
6 0.50546875 0.66875 0.08984375 0.025
6 0.45625 0.59921875 0.01875 0.02265625
6 0.55078125 0.6 0.02265625 0.01640625
6 0.61796875 0.52578125 0.02109375 0.01640625
6 0.6875 0.52734375 0.02109375 0.01640625
1 0.5 0.56328125 0.08125 0.02109375
1 0.609375 0.93984375 0.08984375 0.02734375
6 0.359375 0.16015625 0.02109375 0.01640625
6 0.396875 0.16171875 0.02109375 0.01875
6 0.603125 0.16015625 0.01875 0.01875
6 0.63828125 0.16015625 0.02265625 0.02109375
6 0.340625 0.25078125 0.02890625 0.02109375
6 0.40546875 0.24765625 0.02109375 0.01640625
2 0.49140625 0.23984375 0.04765625 0.01640625
2 0.490625 0.25859375 0.04765625 0.0125
2 0.49140625 0.278125 0.04375 0.01015625
2 0.37734375 0.27578125 0.04765625 0.01015625
2 0.384375 0.49921875 0.04140625 0.01015625
2 0.46796875 0.49921875 0.05234375 0.01015625
2 0.38671875 0.51640625 0.05 0.01484375