5 0.93046875 0.32578125 0.084375 0.121875
3 0.0625 0.54140625 0.125 0.5671875
7 0.0078125 0.13359375 0.015625 0.0359375
7 0.0125 0.16796875 0.015625 0.0296875
7 0.025 0.1328125 0.0171875 0.0328125
7 0.02890625 0.16484375 0.015625 0.0296875
7 0.040625 0.2296875 0.0171875 0.0328125
7 0.040625 0.125 0.015625 0.034375
7 0.059375 0.12421875 0.0203125 0.03125
7 0.046875 0.16015625 0.0140625 0.0265625
7 0.05234375 0.19296875 0.0140625 0.0265625
7 0.05703125 0.22578125 0.0140625 0.028125
7 0.06328125 0.25859375 0.0125 0.028125
7 0.06953125 0.290625 0.0140625 0.0265625
7 0.08671875 0.28515625 0.015625 0.0328125
4 0.07421875 0.37109375 0.0203125 0.0234375
4 0.1 0.37734375 0.0234375 0.028125
4 0.07890625 0.39296875 0.01875 0.021875
4 0.08046875 0.4125 0.025 0.028125
4 0.10625 0.42265625 0.021875 0.025
4 0.0890625 0.45859375 0.021875 0.021875
4 0.11328125 0.465625 0.0234375 0.028125
4 0.09921875 0.52421875 0.021875 0.01875
4 0.12109375 0.509375 0.0234375 0.021875
4 0.10234375 0.54453125 0.021875 0.021875
4 0.13125 0.553125 0.0234375 0.021875
4 0.12578125 0.53125 0.0234375 0.021875
4 0.10625 0.5671875 0.021875 0.021875
4 0.09375 0.48359375 0.0234375 0.028125
1 0.1375 0.85234375 0.0203125 0.0296875
1 0.14453125 0.88203125 0.0203125 0.0234375
1 0.16171875 0.84921875 0.0203125 0.025
1 0.1859375 0.84765625 0.0171875 0.0203125
1 0.2078125 0.83984375 0.0171875 0.0203125
1 0.16640625 0.87890625 0.0203125 0.025
1 0.190625 0.87421875 0.01875 0.0234375
1 0.21328125 0.87109375 0.0171875 0.0203125
1 0.24140625 0.83515625 0.021875 0.025
1 0.2640625 0.8296875 0.0203125 0.025
1 0.28515625 0.82578125 0.0203125 0.0234375
1 0.31015625 0.821875 0.01875 0.025
1 0.340625 0.81484375 0.01875 0.0234375
1 0.36484375 0.81328125 0.0171875 0.0203125
1 0.38671875 0.8078125 0.01875 0.025
1 0.41015625 0.80703125 0.021875 0.025
1 0.24609375 0.86484375 0.01875 0.01875
1 0.26875 0.86015625 0.015625 0.0234375
1 0.29140625 0.853125 0.01875 0.0234375
1 0.31484375 0.85234375 0.021875 0.025
1 0.34453125 0.84453125 0.01875 0.025
1 0.36953125 0.840625 0.0203125 0.028125
1 0.39140625 0.83984375 0.0203125 0.0234375
1 0.41328125 0.83203125 0.01875 0.0234375
1 0.57421875 0.79140625 0.0203125 0.0296875
7 0.67421875 0.7640625 0.0171875 0.0328125
7 0.6921875 0.7609375 0.0140625 0.028125
7 0.8328125 0.73671875 0.0171875 0.0296875
7 0.84921875 0.73359375 0.015625 0.0296875
7 0.91328125 0.71796875 0.0171875 0.0265625
0 0.7390625 0.25390625 0.0890625 0.184375
0 0.82109375 0.23984375 0.08125 0.178125
4 0.87265625 0.1640625 0.0140625 0.034375
4 0.884375 0.16484375 0.0140625 0.034375
4 0.8953125 0.16328125 0.0140625 0.034375
6 0.8921875 0.34921875 0.015625 0.0296875
6 0.7765625 0.26640625 0.0109375 0.0140625
6 0.8625 0.2484375 0.0109375 0.015625
6 0.78203125 0.28515625 0.015625 0.01875
6 0.86640625 0.26328125 0.015625 0.0171875
2 0.73828125 0.15390625 0.0171875 0.01875
2 0.8234375 0.13828125 0.015625 0.0171875
2 0.8765625 0.12265625 0.0140625 0.0296875
2 0.86015625 0.1625 0.0125 0.028125
7 0.63984375 0.02109375 0.0171875 0.0265625
7 0.65625 0.01953125 0.0171875 0.0296875
7 0.67578125 0.015625 0.0140625 0.028125
7 0.71796875 0.01171875 0.0171875 0.0234375
7 0.73671875 0.009375 0.0140625 0.01875
7 0.77890625 0.00625 0.0171875 0.0125
7 0.79609375 0.003125 0.0140625 0.00625
7 0.6828125 0.04921875 0.0125 0.0265625
7 0.72421875 0.040625 0.0171875 0.0265625
7 0.74140625 0.0359375 0.0171875 0.0296875
7 0.7859375 0.03046875 0.0171875 0.0265625
7 0.803125 0.028125 0.01875 0.0265625
7 0.6703125 0.08046875 0.0171875 0.0265625
7 0.68671875 0.07734375 0.0140625 0.0265625
7 0.7296875 0.0703125 0.0171875 0.03125
7 0.74765625 0.06875 0.0171875 0.0296875
7 0.79296875 0.06171875 0.0171875 0.0265625
7 0.80859375 0.059375 0.0171875 0.0265625
7 0.65859375 0.1171875 0.0171875 0.03125
7 0.67578125 0.1171875 0.0171875 0.0296875
7 0.69375 0.11015625 0.015625 0.0296875
7 0.7359375 0.10625 0.0171875 0.0265625
7 0.7546875 0.10234375 0.0203125 0.0375
7 0.7984375 0.09296875 0.0203125 0.0296875
7 0.8140625 0.0890625 0.0171875 0.03125
6 0.81796875 0.021875 0.009375 0.0171875
6 0.8234375 0.053125 0.009375 0.0234375
6 0.7578125 0.0359375 0.009375 0.021875
6 0.76640625 0.034375 0.0125 0.0203125
1 0.76640625 0.06640625 0.015625 0.01875
1 0.7046875 0.0765625 0.015625 0.01875
6 0.646875 0.05546875 0.0140625 0.0140625
6 0.69609375 0.046875 0.009375 0.0203125
6 0.70625 0.04375 0.009375 0.0171875
6 0.7140625 0.04296875 0.0109375 0.0171875
6 0.6515625 0.08359375 0.0140625 0.0140625
7 0.128125 0.78984375 0.01875 0.025
7 0.146875 0.78828125 0.01875 0.025
7 0.1625 0.7859375 0.01875 0.025
7 0.17890625 0.78125 0.01875 0.0265625
7 0.196875 0.77890625 0.0234375 0.028125
7 0.2140625 0.7734375 0.0203125 0.0296875
7 0.2296875 0.7703125 0.01875 0.0265625
7 0.246875 0.76953125 0.0203125 0.028125
7 0.26484375 0.7671875 0.0234375 0.028125
7 0.2828125 0.7625 0.0234375 0.03125
4 0.5609375 0.715625 0.0125 0.0375
4 0.575 0.7125 0.0140625 0.0359375
7 0.29921875 0.76015625 0.01875 0.0265625
7 0.3171875 0.7546875 0.0203125 0.0296875
7 0.334375 0.7515625 0.01875 0.0296875
7 0.35234375 0.74921875 0.0203125 0.0296875
7 0.36875 0.7453125 0.0203125 0.0296875
7 0.38515625 0.74296875 0.0203125 0.0296875
7 0.39921875 0.73984375 0.021875 0.03125
7 0.41953125 0.73359375 0.0234375 0.03125
7 0.43828125 0.73203125 0.0234375 0.034375
7 0.45390625 0.7296875 0.0203125 0.0359375
7 0.4703125 0.725 0.01875 0.0296875
7 0.48828125 0.72421875 0.0203125 0.0296875
7 0.50390625 0.71875 0.0234375 0.0296875
7 0.52265625 0.71875 0.0234375 0.0296875
2 0.54609375 0.70859375 0.015625 0.0203125
2 0.54921875 0.73125 0.015625 0.0203125
2 0.5859375 0.696875 0.0171875 0.0203125
6 0.5859375 0.71640625 0.009375 0.021875
6 0.5953125 0.7203125 0.0125 0.0265625
6 0.60390625 0.7140625 0.0109375 0.028125
6 0.13046875 0.81328125 0.015625 0.0203125
6 0.14921875 0.81328125 0.015625 0.0125
6 0.16640625 0.809375 0.0140625 0.0140625
6 0.18359375 0.80625 0.015625 0.01875
6 0.2015625 0.803125 0.0171875 0.015625
6 0.21953125 0.80234375 0.0171875 0.01875
6 0.2359375 0.796875 0.0140625 0.0140625
6 0.253125 0.79375 0.0125 0.0140625
6 0.27109375 0.790625 0.015625 0.0171875
6 0.2875 0.790625 0.0171875 0.01875
6 0.3046875 0.7828125 0.015625 0.0203125
6 0.321875 0.78203125 0.0171875 0.01875
6 0.3390625 0.7765625 0.0140625 0.0140625
6 0.35625 0.77578125 0.015625 0.0234375
6 0.37421875 0.7703125 0.0140625 0.0140625
6 0.39140625 0.76875 0.0140625 0.0140625
6 0.4078125 0.76484375 0.0140625 0.0109375
6 0.4234375 0.7609375 0.0125 0.0140625
6 0.43984375 0.75859375 0.0125 0.0140625
6 0.45859375 0.75546875 0.0171875 0.01875
6 0.47734375 0.75390625 0.0125 0.0140625
6 0.49140625 0.75234375 0.0171875 0.015625
6 0.51171875 0.74765625 0.01875 0.0171875
6 0.528125 0.74375 0.015625 0.01875
7 0.06953125 0.1890625 0.0171875 0.0328125
7 0.07578125 0.22265625 0.015625 0.0296875
7 0.12578125 0.14765625 0.0203125 0.0328125
7 0.14140625 0.2453125 0.0140625 0.028125
7 0.146875 0.27578125 0.0140625 0.028125
7 0.1828125 0.1046875 0.0171875 0.0265625
7 0.20078125 0.096875 0.0140625 0.0265625
7 0.21875 0.096875 0.015625 0.0296875
7 0.23515625 0.09296875 0.0140625 0.028125
7 0.253125 0.08984375 0.0171875 0.0296875
7 0.27109375 0.0875 0.0171875 0.0265625
7 0.20625 0.1328125 0.0171875 0.0328125
7 0.22421875 0.12734375 0.0140625 0.028125
7 0.24140625 0.1265625 0.0171875 0.0296875
7 0.25625 0.121875 0.0125 0.0234375
7 0.275 0.11796875 0.015625 0.025
7 0.2296875 0.1609375 0.0125 0.0234375
7 0.246875 0.15703125 0.015625 0.0296875
7 0.2625 0.1546875 0.0171875 0.0296875
7 0.28046875 0.15234375 0.0140625 0.0265625
7 0.215625 0.1953125 0.015625 0.0296875
7 0.23359375 0.196875 0.0140625 0.028125
7 0.25234375 0.19375 0.015625 0.034375
7 0.2703125 0.190625 0.0140625 0.0265625
7 0.28828125 0.184375 0.0140625 0.028125
7 0.2734375 0.21953125 0.0125 0.028125
7 0.29140625 0.2171875 0.0140625 0.028125
7 0.20859375 0.26640625 0.01875 0.0359375
7 0.2265625 0.26328125 0.0140625 0.028125
7 0.24453125 0.26015625 0.0171875 0.0296875
7 0.2625 0.25546875 0.0140625 0.028125
7 0.2796875 0.253125 0.0140625 0.028125
7 0.29765625 0.24921875 0.0171875 0.0265625
7 0.23359375 0.296875 0.0171875 0.0265625
7 0.26875 0.2890625 0.0140625 0.028125
7 0.303125 0.28359375 0.0171875 0.03125
7 0.34765625 0.06953125 0.0171875 0.0328125
7 0.365625 0.065625 0.015625 0.034375
7 0.353125 0.1046875 0.0171875 0.0296875
7 0.37265625 0.1 0.0140625 0.0265625
7 0.359375 0.13671875 0.0171875 0.0296875
7 0.37734375 0.134375 0.0140625 0.028125
7 0.36484375 0.16796875 0.015625 0.0296875
7 0.38359375 0.1640625 0.0171875 0.0296875
7 0.36875 0.2 0.01875 0.0296875
7 0.3890625 0.1984375 0.01875 0.0359375
7 0.37421875 0.23359375 0.0171875 0.03125
7 0.39453125 0.2296875 0.015625 0.0328125
7 0.38203125 0.26953125 0.0203125 0.0359375
7 0.39921875 0.2640625 0.0203125 0.0359375
7 0.36484375 0.27265625 0.0171875 0.0296875
7 0.45859375 0.05078125 0.0171875 0.03125
7 0.47734375 0.05 0.0171875 0.0328125
7 0.48203125 0.08046875 0.0140625 0.0265625
7 0.4875 0.1109375 0.0125 0.028125
7 0.51796875 0.075 0.0171875 0.0265625
7 0.5296875 0.03828125 0.015625 0.0296875
7 0.525 0.1046875 0.0140625 0.028125
7 0.5359375 0.07109375 0.0140625 0.034375
7 0.5421875 0.103125 0.0171875 0.03125
7 0.5484375 0.13203125 0.0140625 0.028125
7 0.5546875 0.16640625 0.01875 0.0359375
7 0.56484375 0.071875 0.021875 0.04375
2 0.49921875 0.15703125 0.0171875 0.03125
2 0.425 0.075 0.0171875 0.0171875
2 0.51796875 0.1546875 0.0140625 0.0359375
5 0.4546875 0.146875 0.06875 0.1078125
6 0.48984375 0.046875 0.009375 0.0234375
6 0.4953125 0.0765625 0.009375 0.0203125
6 0.50078125 0.109375 0.0109375 0.0171875
6 0.57578125 0.0625 0.0125 0.0203125
6 0.378125 0.065625 0.0125 0.0234375
6 0.384375 0.0984375 0.0125 0.021875
6 0.390625 0.13125 0.009375 0.0203125
6 0.39609375 0.1640625 0.0125 0.0203125
6 0.40234375 0.19453125 0.0125 0.021875
6 0.40703125 0.225 0.009375 0.0171875
6 0.41328125 0.25703125 0.0125 0.0234375
2 0.36953125 0.29765625 0.0171875 0.0171875
6 0.38671875 0.29375 0.0140625 0.0140625
6 0.07421875 0.1234375 0.0140625 0.0328125
6 0.0796875 0.1546875 0.0140625 0.0234375
6 0.0859375 0.18984375 0.0140625 0.028125
6 0.08828125 0.2171875 0.009375 0.0171875
6 0.09453125 0.25078125 0.0125 0.0203125
6 0.10078125 0.2828125 0.009375 0.021875
6 0.1390625 0.14453125 0.0140625 0.0265625
6 0.1546875 0.23828125 0.009375 0.021875
6 0.1609375 0.271875 0.0125 0.028125
6 0.28359375 0.08046875 0.0140625 0.021875
6 0.290625 0.115625 0.0125 0.0203125
6 0.29375 0.1515625 0.0125 0.021875
6 0.3 0.1796875 0.0125 0.0203125
6 0.30703125 0.21328125 0.0140625 0.021875
6 0.31171875 0.24375 0.0125 0.0203125
6 0.315625 0.27890625 0.0140625 0.021875
6 0.24609375 0.296875 0.0125 0.0203125
6 0.284375 0.28984375 0.0140625 0.0234375
6 0.54453125 0.03828125 0.0109375 0.028125
6 0.55 0.06953125 0.0109375 0.025
6 0.5546875 0.096875 0.009375 0.0234375
6 0.5609375 0.13046875 0.0125 0.0265625