3 0.71875 0.59921875 0.1046875 0.103125
3 0.81328125 0.16328125 0.16875 0.121875
3 0.30078125 0.06875 0.14375 0.1171875
6 0.18359375 0.5921875 0.05625 0.05625
6 0.75703125 0.7125 0.084375 0.0578125
6 0.12265625 0.83515625 0.0515625 0.08125
6 0.61484375 0.93515625 0.0390625 0.0828125
2 0.65234375 0.94765625 0.03125 0.06875
2 0.14921875 0.865625 0.0328125 0.075
1 0.203125 0.65546875 0.040625 0.0375
1 0.7109375 0.75234375 0.040625 0.0453125
7 0.69921875 0.9453125 0.0828125 0.109375
7 0.20625 0.865625 0.0828125 0.121875