3 0.49375 0.12421875 0.60390625 0.10234375
1 0.39609375 0.325 0.07734375 0.10234375
1 0.53515625 0.32109375 0.06484375 0.10859375
1 0.67734375 0.31796875 0.0625 0.09609375
1 0.4 0.465625 0.05625 0.08984375
1 0.540625 0.46640625 0.06875 0.11015625
1 0.67578125 0.459375 0.06640625 0.10625
6 0.3375 0.3125 0.0375 0.10859375
6 0.478125 0.31875 0.0375 0.10234375
6 0.61953125 0.31953125 0.03125 0.10234375
6 0.340625 0.47421875 0.0375 0.10390625
6 0.47890625 0.46640625 0.03359375 0.1
6 0.61875 0.46328125 0.03125 0.09609375
6 0.24765625 0.58203125 0.09140625 0.06484375
6 0.4625 0.58828125 0.08984375 0.03515625
6 0.20859375 0.75078125 0.02890625 0.125
6 0.41875 0.75 0.03359375 0.13984375