4 0.08515625 0.09921875 0.06484375 0.08515625
4 0.08515625 0.334375 0.06875 0.08359375
4 0.95078125 0.33671875 0.06640625 0.07890625
4 0.953125 0.09609375 0.06484375 0.08125
1 0.77890625 0.87578125 0.15859375 0.07890625
6 0.25703125 0.86015625 0.1 0.03359375
6 0.65625 0.87421875 0.03984375 0.05
6 0.79609375 0.53984375 0.08984375 0.02265625
6 0.09765625 0.25390625 0.075 0.02265625
6 0.26640625 0.25390625 0.06640625 0.02734375
6 0.76796875 0.25546875 0.1 0.02734375
6 0.92890625 0.259375 0.08125 0.02734375
6 0.11015625 0.021875 0.1 0.03125
6 0.2625 0.02578125 0.08984375 0.03125
6 0.76640625 0.021875 0.075 0.02265625
6 0.93359375 0.02265625 0.09140625 0.03125
2 0.42734375 0.02109375 0.10390625 0.03125
2 0.60703125 0.01953125 0.11015625 0.03125
2 0.43203125 0.25390625 0.08359375 0.02734375
2 0.6125 0.25703125 0.07890625 0.02890625
2 0.390625 0.53203125 0.1125 0.03515625
2 0.60625 0.5375 0.09765625 0.03125
0 0.33046875 0.671875 0.23984375 0.20234375
0 0.69921875 0.67421875 0.21640625 0.20390625