0 0.4828125 0.35 0.3140625 0.40625
0 0.49609375 0.60703125 0.10625 0.096875
0 0.5015625 0.72109375 0.0765625 0.090625
7 0.62109375 0.60078125 0.04375 0.0375
7 0.6265625 0.72265625 0.05 0.0421875
4 0.48359375 0.78671875 0.015625 0.01875
4 0.50546875 0.78515625 0.0140625 0.01875
4 0.52734375 0.7859375 0.015625 0.01875
4 0.4359375 0.78515625 0.0390625 0.0234375
1 0.38203125 0.70859375 0.0203125 0.0328125
2 0.37578125 0.58984375 0.0203125 0.0359375
2 0.40703125 0.5859375 0.0234375 0.0359375
2 0.37890625 0.62734375 0.01875 0.0140625
2 0.4125 0.6421875 0.0171875 0.028125
2 0.3796875 0.65703125 0.0171875 0.009375
2 0.425 0.68125 0.0171875 0.0109375
2 0.428125 0.6984375 0.01875 0.0140625
2 0.4265625 0.81640625 0.0109375 0.01875
6 0.384375 0.75234375 0.0109375 0.025
6 0.3796875 0.640625 0.0234375 0.0109375
6 0.4296875 0.7125 0.021875 0.009375
6 0.440625 0.75078125 0.0140625 0.021875
6 0.42265625 0.75234375 0.015625 0.0234375
6 0.56796875 0.67890625 0.0140625 0.021875
6 0.58203125 0.68125 0.0140625 0.01875
6 0.571875 0.75 0.0109375 0.0234375
6 0.5859375 0.75 0.0109375 0.021875
3 0.51328125 0.86796875 0.1328125 0.125