1 0.72890625 0.27890625 0.04375 0.05234375
7 0.771875 0.340625 0.06875 0.0625
5 0.36640625 0.53125 0.1875 0.18515625
0 0.52265625 0.43671875 0.225 0.1875
6 0.6125 0.35390625 0.05390625 0.04765625
6 0.39921875 0.3875 0.05625 0.04140625
6 0.48125 0.33828125 0.06484375 0.03359375
6 0.56953125 0.28984375 0.04765625 0.0375
6 0.653125 0.33203125 0.04765625 0.04140625
6 0.69453125 0.30859375 0.05 0.04375
6 0.725 0.38828125 0.05 0.04765625
2 0.68515625 0.4125 0.04765625 0.04140625
3 0.86328125 0.21875 0.20234375 0.1875
3 0.15 0.6375 0.24609375 0.18359375
3 0.3086374265625 0.8981244421874999 0.9624959375 0.4814129140625 0.9391438390625 0.3857124578125 0.27925900625 0.7918743046875 0.3086374265625 0.8981244421874999