1 0.19375 0.309375 0.05625 0.05859375
1 0.26953125 0.275 0.05390625 0.075
1 0.34140625 0.23984375 0.04765625 0.06875
1 0.409375 0.20390625 0.04765625 0.06640625
1 0.48125 0.16953125 0.04609375 0.06640625
1 0.54921875 0.13984375 0.04765625 0.075
1 0.61484375 0.10625 0.04765625 0.06484375
1 0.68046875 0.075 0.04609375 0.08359375
3 0.22578125 0.69765625 0.06875 0.17734375
4 0.58984375 0.49375 0.02890625 0.04609375
4 0.61953125 0.46796875 0.02734375 0.05
4 0.65546875 0.459375 0.02734375 0.06640625
4 0.68515625 0.43984375 0.025 0.0625
4 0.71484375 0.42109375 0.025 0.05390625
4 0.74453125 0.403125 0.02734375 0.06015625
4 0.78203125 0.39375 0.03515625 0.0625
4 0.80859375 0.37421875 0.025 0.07109375
0 0.3696933890625 0.6978216625 0.5491549265625 0.5928646750000001 0.50856248125 0.4635698515625 0.3287726765625 0.5556173359375001 0.3696933890625 0.6978216625
2 0.18984375 0.48125 0.02890625 0.05625
2 0.159375 0.50234375 0.03125 0.04140625
1 0.21875 0.578125 0.02890625 0.04609375
6 0.19140625 0.59765625 0.03359375 0.05234375
6 0.321875 0.62265625 0.02734375 0.04765625
6 0.29609375 0.6375 0.02890625 0.04375
6 0.26796875 0.64921875 0.02890625 0.05625