0 0.540625 0.43515625 0.16875 0.1875
0 0.340625 0.490625 0.12109375 0.15234375
3 0.06953125 0.4 0.13359375 0.25
3 0.41171875 0.053125 0.23515625 0.10625
3 0.803125 0.08125 0.09140625 0.0875
1 0.65703125 0.12109375 0.07109375 0.08125
2 0.540625 0.29375 0.13359375 0.05234375
4 0.18671875 0.68671875 0.06015625 0.21875
3 0.04609375 0.19765625 0.09140625 0.075
2 0.20390625 0.28515625 0.09140625 0.09765625
2 0.22265625 0.48515625 0.04375 0.11640625
3 0.95234375 0.715625 0.05625 0.11875
6 0.61953125 0.734375 0.17734375 0.05625
6 0.36015625 0.73984375 0.15 0.05390625
6 0.36875 0.65 0.15390625 0.06015625
6 0.628125 0.64453125 0.12890625 0.05625
6 0.68984375 0.459375 0.05234375 0.19140625
6 0.75234375 0.45625 0.05234375 0.19765625
6 0.67421875 0.22890625 0.16015625 0.06015625
6 0.40625 0.225 0.18984375 0.05625
3 0.91015625 0.40390625 0.1125 0.5
1 0.346875 0.30078125 0.07890625 0.08359375