3 0.16015625 0.78671875 0.25 0.259375
3 0.4953125 0.84375 0.2546875 0.28125
3 0.83046875 0.87421875 0.2515625 0.2515625
7 0.81640625 0.465625 0.15 0.1703125
1 0.6140625 0.284375 0.2015625 0.2203125
0 0.3921875 0.38515625 0.13125 0.121875
6 0.83671875 0.2921875 0.1125 0.065625
6 0.60625 0.484375 0.0890625 0.05
6 0.4796875 0.54140625 0.0515625 0.1015625
6 0.22109375 0.21484375 0.090625 0.059375
6 0.221875 0.27109375 0.090625 0.053125
6 0.2078125 0.33515625 0.0703125 0.0421875
6 0.2015625 0.390625 0.090625 0.059375
6 0.190625 0.4515625 0.090625 0.059375
6 0.18046875 0.51796875 0.090625 0.0625