4 0.96640625 0.16875 0.0671875 0.09375
4 0.9359375 0.4015625 0.08125 0.09375
4 0.08046875 0.26796875 0.078125 0.0890625
4 0.11484375 0.0375 0.0765625 0.075
1 0.165625 0.82734375 0.16875 0.103125
6 0.68359375 0.89375 0.1046875 0.0484375
6 0.2875 0.8453125 0.046875 0.05625
6 0.2015625 0.49296875 0.0921875 0.0359375
6 0.9359375 0.31953125 0.078125 0.034375
6 0.76953125 0.29375 0.0703125 0.0375
6 0.2734375 0.21640625 0.103125 0.0421875
6 0.1140625 0.1953125 0.084375 0.0390625
6 0.95390625 0.0890625 0.0921875 0.046875
6 0.80859375 0.06875 0.09375 0.0453125
2 0.646875 0.03828125 0.1078125 0.046875
2 0.46953125 0.01640625 0.1140625 0.0328125
2 0.60546875 0.2671875 0.0875 0.040625
2 0.4265625 0.2421875 0.0828125 0.040625
2 0.603125 0.5484375 0.1171875 0.0515625
2 0.3890625 0.5203125 0.1015625 0.046875
0 0.640625 0.69609375 0.26875 0.2375
0 0.27578125 0.640625 0.2453125 0.2359375