3 0.7578125 0.07265625 0.28125 0.1453125
3 0.5863203312499999 0 0.395541071875 0.0499846296875 0.42933608906250004 0.19242981875 0.4384201296875 0.19781041562499999 0.6524532640625 0.1418974609375 0.6187542374999999 0 0.5863203312499999 0
3 0.1902596125 0.24796067812499997 0.20030081093750002 0.2571802296875 0.41619309531250004 0.2018231375 0.38144091874999997 0.05553899531249999 0.36983502968750004 0.0538453640625 0.16573275468749998 0.1047337765625 0.15766104375 0.11031418125 0.1902596125 0.24796067812499997
3 0 0.3079477296875 0.1614241890625 0.2668732609375 0.177595196875 0.259273475 0.1454200390625 0.11642440937500001 0.12361641406249999 0.1152345609375 0 0.14605559375 0 0.3079477296875
0 0.4671875 0.38359375 0.2859375 0.1796875
0 0.521875 0.58515625 0.3109375 0.2234375
2 0.6359375 0.36953125 0.034375 0.0390625
2 0.31640625 0.4484375 0.0328125 0.0421875
2 0.70234375 0.5109375 0.0296875 0.0390625
2 0.71953125 0.5546875 0.034375 0.040625
2 0.32890625 0.6015625 0.03125 0.04375
6 0.6109375 0.76171875 0.10625 0.0625
6 0.678125 0.878125 0.0984375 0.0578125
1 0.5328125 0.91953125 0.1140625 0.05625
2 0.57109375 0.665625 0.0578125 0.028125
2 0.52734375 0.48984375 0.059375 0.034375