3 0.14765625 0.8140625 0.215625 0.3359375
1 0.696875 0.253125 0.09375 0.1359375
1 0.46953125 0.2953125 0.09375 0.1484375
1 0.24296875 0.3078125 0.096875 0.1328125
2 0.71015625 0.16015625 0.0328125 0.0359375
2 0.65234375 0.17890625 0.025 0.0328125
2 0.271875 0.22265625 0.034375 0.0375
6 0.20703125 0.22890625 0.0296875 0.0296875
6 0.67578125 0.40390625 0.0421875 0.053125
6 0.48359375 0.4078125 0.0453125 0.04375
6 0.22734375 0.453125 0.0390625 0.0515625
6 0.240625 0.53359375 0.03125 0.034375
7 0.28515625 0.40703125 0.053125 0.0796875
7 0.73203125 0.35390625 0.0453125 0.078125
6 0.678125 0.48203125 0.0265625 0.0375
6 0.4875 0.52578125 0.046875 0.0609375
1 0.29765625 0.521875 0.0328125 0.05
1 0.746875 0.4765625 0.0421875 0.05
2 0.7359375 0.528125 0.0421875 0.0359375
2 0.27109375 0.584375 0.034375 0.0359375