7 0.45703125 0.34765625 0.09765625 0.10859375
6 0.28046875 0.48125 0.05234375 0.0375
6 0.353125 0.61015625 0.03984375 0.05390625
6 0.38828125 0.5875 0.03359375 0.05390625
6 0.41953125 0.56875 0.0375 0.04609375
6 0.45234375 0.54609375 0.03359375 0.05
2 0.51328125 0.28828125 0.04140625 0.06015625
2 0.521875 0.49296875 0.04375 0.05625
2 0.590625 0.446875 0.04140625 0.05234375
2 0.625 0.43046875 0.04375 0.04375
2 0.684375 0.38515625 0.03125 0.04765625
2 0.73046875 0.35625 0.05859375 0.04765625
2 0.284375 0.65078125 0.04140625 0.05625
2 0.31953125 0.62890625 0.0375 0.04609375
3 0.31328125 0.25703125 0.2625 0.125
4 0.48359375 0.515625 0.05 0.04765625