2 0.81484375 0.3453125 0.34375 0.6140625
4 0.54453125 0.2421875 0.153125 0.3390625
2 0.08828125 0.38046875 0.1046875 0.23125
2 0.684375 0.80078125 0.1171875 0.23125
2 0.76640625 0.81328125 0.096875 0.2359375
6 0.5359375 0.87578125 0.0765625 0.0765625
6 0.3484375 0.84375 0.0796875 0.0703125
6 0.23359375 0.73671875 0.08125 0.090625
6 0.1296875 0.7859375 0.059375 0.1265625
6 0.171875 0.58984375 0.0578125 0.1265625
6 0.26640625 0.5515625 0.0828125 0.0796875
2 0.25234375 0.64453125 0.075 0.0703125
0 0.48828125 0.634375 0.225 0.3328125
2 0.628125 0.40859375 0.05 0.1140625