1 0.925 0.09296875 0.13359375 0.09140625
1 0.08046875 0.09375 0.14375 0.08984375
3 0.49609375 0.24296875 0.7 0.48515625
6 0.084375 0.16875 0.09609375 0.02890625
6 0.934375 0.16640625 0.08984375 0.02734375
6 0.08515625 0.35 0.08984375 0.02734375
6 0.08203125 0.390625 0.08515625 0.02734375
6 0.08203125 0.47265625 0.09765625 0.02734375
6 0.93046875 0.43046875 0.10625 0.03359375
6 0.93046875 0.47265625 0.09375 0.02734375
6 0.25234375 0.53984375 0.04375 0.05
6 0.353125 0.90390625 0.04609375 0.05390625
6 0.43046875 0.903125 0.07890625 0.05625
6 0.51328125 0.90234375 0.04765625 0.04375
6 0.590625 0.90234375 0.05859375 0.04765625
6 0.828125 0.9 0.05625 0.05
1 0.70078125 0.90078125 0.14140625 0.07890625
2 0.225 0.90625 0.17734375 0.07109375
2 0.07421875 0.42890625 0.08515625 0.03359375
2 0.17265625 0.53828125 0.05625 0.05234375
2 0.33125 0.53984375 0.05 0.05625
2 0.403125 0.540625 0.06484375 0.0625
2 0.75 0.5375 0.06484375 0.04765625
2 0.828125 0.5375 0.06015625 0.05390625
2 0.93203125 0.38828125 0.09375 0.02890625
0 0.49375 0.721875 0.72890625 0.21015625