3 0.04921875 0.68046875 0.05859375 0.3375
6 0.19921875 0.66484375 0.04375 0.16015625
2 0.51015625 0.78203125 0.13515625 0.07890625
2 0.68984375 0.37734375 0.06640625 0.13984375
3 0.83046875 0.84609375 0.15234375 0.30234375
4 0.07265625 0.178125 0.05 0.10625
6 0.1375 0.20546875 0.05 0.12890625
6 0.50703125 0.059375 0.13359375 0.05859375
6 0.67578125 0.646875 0.05390625 0.14765625
6 0.25078125 0.89140625 0.1375 0.06484375
6 0.73046875 0.13046875 0.05625 0.18359375
6 0.84296875 0.13046875 0.05234375 0.17734375
6 0.26171875 0.046875 0.17734375 0.04375
6 0.19453125 0.396875 0.05859375 0.18359375
6 0.309375 0.38828125 0.07109375 0.18515625
2 0.315625 0.58984375 0.11484375 0.20390625
2 0.30703125 0.76796875 0.10859375 0.16640625
2 0.50078125 0.16875 0.14140625 0.09140625
6 0.54375 0.90859375 0.19609375 0.07265625
0 0.496875 0.43984375 0.18359375 0.42734375
5 0.834375 0.4 0.16640625 0.18359375
5 0.85078125 0.59140625 0.17265625 0.18515625
1 0.29921875 0.13984375 0.11640625 0.16640625