3 0.26171875 0.075 0.08984375 0.14375
2 0.37890625 0.06640625 0.0875 0.04140625
2 0.79921875 0.13515625 0.05234375 0.06640625
2 0.45234375 0.06640625 0.03125 0.03984375
2 0.49296875 0.065625 0.02890625 0.03984375
2 0.671875 0.02578125 0.0625 0.02109375
2 0.78203125 0.06015625 0.02734375 0.03984375
2 0.81875 0.06171875 0.025 0.0375
6 0.52578125 0.06796875 0.025 0.04609375
6 0.56015625 0.06796875 0.02890625 0.03984375
6 0.6 0.071875 0.02734375 0.04140625
6 0.66953125 0.05625 0.05234375 0.01875
0 0.58671875 0.13046875 0.05234375 0.04375