3 0.79765625 0.52421875 0.07890625 0.47109375
7 0.571875 0.81875 0.08515625 0.09375
2 0.65234375 0.809375 0.03984375 0.07890625
6 0.59765625 0.69609375 0.04765625 0.07890625
6 0.70390625 0.69140625 0.03359375 0.0625
6 0.46171875 0.334375 0.06640625 0.03515625
6 0.465625 0.44765625 0.05625 0.03515625
6 0.4625 0.49921875 0.06640625 0.03515625
2 0.459375 0.22578125 0.07734375 0.03359375
2 0.46484375 0.275 0.07109375 0.03125
2 0.46640625 0.59375 0.06640625 0.0375
2 0.459375 0.65390625 0.08125 0.0375
2 0.45859375 0.715625 0.07734375 0.03359375
2 0.46484375 0.778125 0.06640625 0.02265625