4 0.86171875 0.40703125 0.021875 0.121875
4 0.86015625 0.59296875 0.021875 0.109375
3 0.9484375 0.7578125 0.103125 0.296875
3 0.9484375 0.24609375 0.103125 0.2921875
1 0.575 0.69921875 0.0625 0.146875
1 0.49140625 0.24921875 0.034375 0.046875
4 0.86015625 0.21484375 0.01875 0.028125
4 0.86171875 0.25234375 0.015625 0.025
4 0.86171875 0.309375 0.015625 0.028125
4 0.85703125 0.71171875 0.01875 0.028125
4 0.86015625 0.74765625 0.01875 0.03125
4 0.859375 0.80390625 0.01875 0.028125
0 0.70234375 0.45859375 0.075 0.2
0 0.22734375 0.49921875 0.265625 0.66875
0 0.46953125 0.49609375 0.096875 0.2125
7 0.57265625 0.29609375 0.040625 0.096875
7 0.57421875 0.49453125 0.046875 0.13125
2 0.44296875 0.240625 0.021875 0.04375
2 0.41015625 0.49609375 0.015625 0.053125
2 0.4125 0.56953125 0.0125 0.071875
2 0.421875 0.73046875 0.028125 0.040625
2 0.45390625 0.71328125 0.01875 0.1
2 0.47890625 0.6625 0.01875 0.03125
2 0.48046875 0.70390625 0.01875 0.021875
2 0.47890625 0.74453125 0.021875 0.040625
2 0.50546875 0.703125 0.021875 0.084375
2 0.803125 0.49765625 0.01875 0.090625
2 0.66640625 0.69453125 0.015625 0.090625
2 0.69453125 0.665625 0.021875 0.028125
6 0.42421875 0.66953125 0.025 0.0375
6 0.61953125 0.2625 0.0125 0.0625
6 0.621875 0.3625 0.009375 0.040625
6 0.61953125 0.45234375 0.0125 0.0625
6 0.62109375 0.534375 0.00625 0.046875
6 0.62265625 0.64375 0.0125 0.059375
6 0.6875 0.26875 0.009375 0.05
6 0.70703125 0.26171875 0.009375 0.040625
6 0.6875 0.72578125 0.009375 0.078125
6 0.703125 0.73359375 0.009375 0.078125
6 0.71953125 0.728125 0.009375 0.05625