3 0.16015625 0.48671875 0.16875 0.83125
0 0.78203125 0.40859375 0.16015625 0.15625
0 0.78828125 0.56484375 0.17734375 0.13125
3 0.946875 0.6875 0.08984375 0.22265625
3 0.93828125 0.29453125 0.08359375 0.27734375
4 0.68671875 0.73671875 0.03515625 0.13984375
4 0.68125 0.253125 0.0375 0.1375
7 0.6875 0.06484375 0.06484375 0.09140625
1 0.81484375 0.06875 0.03359375 0.08984375
1 0.82265625 0.91640625 0.03984375 0.10234375
7 0.69453125 0.91328125 0.06015625 0.1125
6 0.7625 0.78046875 0.0375 0.10234375
6 0.82109375 0.778125 0.0375 0.08984375
6 0.75546875 0.19765625 0.03125 0.08984375
6 0.821875 0.21328125 0.04609375 0.10625