7 0.74609375 0.10703125 0.26640625 0.14609375
7 0.24765625 0.115625 0.275 0.15625
7 0.24609375 0.31171875 0.26015625 0.14765625
7 0.73515625 0.309375 0.27109375 0.1625
7 0.728125 0.51796875 0.27109375 0.15390625
7 0.76015625 0.715625 0.27734375 0.15
7 0.26171875 0.72578125 0.25625 0.14140625
7 0.25625 0.51953125 0.25 0.15625
6 0.496875 0.125 0.11640625 0.11640625
6 0.50234375 0.29140625 0.125 0.11484375
6 0.48359375 0.52578125 0.12265625 0.125
6 0.490625 0.70078125 0.09765625 0.12109375
2 0.73359375 0.88203125 0.175 0.0875