0 0.29140625 0.42109375 0.1546875 0.140625
3 0.153125 0.8265625 0.30625 0.296875
1 0.4140625 0.83984375 0.1484375 0.1375
1 0.6046875 0.86015625 0.1203125 0.1328125
7 0.88203125 0.59453125 0.109375 0.1171875
7 0.646875 0.63671875 0.1 0.1046875
2 0.0921875 0.07578125 0.053125 0.065625
2 0.2296875 0.08671875 0.0421875 0.0703125
2 0.43203125 0.2125 0.08125 0.0484375
2 0.64375 0.246875 0.084375 0.0453125
2 0.121875 0.40390625 0.0765625 0.0421875
2 0.21171875 0.509375 0.065625 0.0421875
2 0.3 0.56953125 0.040625 0.0625
2 0.3921875 0.58203125 0.040625 0.059375
2 0.54921875 0.5953125 0.0453125 0.0640625
2 0.7359375 0.7578125 0.090625 0.0375
2 0.7609375 0.59921875 0.0671875 0.0671875
2 0.36328125 0.63515625 0.0890625 0.053125
6 0.134375 0.278125 0.0796875 0.0546875
6 0.12578125 0.32109375 0.0828125 0.0421875
6 0.11796875 0.359375 0.0875 0.059375
6 0.34140625 0.32421875 0.046875 0.0796875
6 0.47265625 0.37265625 0.08125 0.04375
6 0.46875 0.41953125 0.08125 0.0421875
6 0.75 0.690625 0.0484375 0.0671875
6 0.7953125 0.70234375 0.0578125 0.0765625
6 0.59453125 0.728125 0.0421875 0.059375
6 0.43984375 0.71328125 0.04375 0.075