4 0.53359375 0.2328125 0.1375 0.3484375
4 0.14765625 0.24609375 0.1078125 0.3078125
3 0.79296875 0.53671875 0.40625 0.915625
2 0.5265625 0.59375 0.0890625 0.2203125
2 0.43046875 0.61015625 0.1125 0.2234375
2 0.29453125 0.58671875 0.0375 0.1171875
2 0.21875 0.84453125 0.03125 0.1171875
2 0.0578125 0.59296875 0.1 0.2125
0 0.21484375 0.6078125 0.10625 0.1796875
1 0.53984375 0.853125 0.0625 0.1484375
6 0.48125 0.85078125 0.0421875 0.1171875
6 0.42890625 0.83828125 0.0375 0.1171875
6 0.37578125 0.83515625 0.04375 0.134375
6 0.328125 0.82890625 0.0359375 0.1109375
6 0.27578125 0.83671875 0.04375 0.13125
6 0.1734375 0.82578125 0.0375 0.1234375
6 0.125 0.83046875 0.0375 0.11875
6 0.13671875 0.5875 0.0484375 0.128125
6 0.34140625 0.57578125 0.0453125 0.1109375
6 0.0546875 0.2703125 0.04375 0.1109375