3 0.53671875 0.2109375 0.9265625 0.421875
4 0.94296875 0.465625 0.1140625 0.121875
0 0.41484375 0.76484375 0.4890625 0.3796875
0 0.74375 0.52890625 0.465625 0.209375
0 0.16640625 0.36484375 0.29375 0.234375
0 0.4015625 0.40234375 0.2171875 0.153125
7 0.7734375 0.6453125 0.103125 0.0734375
1 0.3875 0.5546875 0.1125 0.0484375
1 0.3828125 0.5859375 0.10625 0.05
1 0.14765625 0.49609375 0.11875 0.05
1 0.14140625 0.52890625 0.1359375 0.05625
1 0.65078125 0.98203125 0.1203125 0.0359375
2 0.690625 0.95390625 0.05 0.0296875
2 0.69375 0.9359375 0.0546875 0.025
2 0.721875 0.81640625 0.053125 0.025
2 0.15703125 0.7421875 0.05 0.040625
2 0.0609375 0.4484375 0.10625 0.0453125
2 0.375 0.48203125 0.059375 0.0265625
2 0.69140625 0.72890625 0.0328125 0.0296875
2 0.203125 0.59453125 0.0328125 0.03125
2 0.55625 0.340625 0.0703125 0.0546875
2 0.62734375 0.44140625 0.0828125 0.0296875
1 0.91171875 0.66640625 0.06875 0.0625
6 0.67578125 0.3734375 0.1515625 0.06875
6 0.42734375 0.30859375 0.1609375 0.0625
6 0.82890625 0.4203125 0.096875 0.0375
6 0.81953125 0.44375 0.09375 0.0421875
6 0.646875 0.5796875 0.0984375 0.0421875
6 0.6078125 0.61015625 0.0546875 0.0453125
6 0.66640625 0.62265625 0.059375 0.046875
6 0.896875 0.703125 0.0703125 0.03125
6 0.74921875 0.715625 0.09375 0.040625
6 0.13984375 0.7671875 0.0671875 0.028125
6 0.13828125 0.78671875 0.0625 0.0328125
6 0.1046875 0.8234375 0.0734375 0.0359375
6 0.53125 0.39921875 0.040625 0.0359375
6 0.29140625 0.5328125 0.040625 0.0328125
6 0.23984375 0.51875 0.046875 0.034375
6 0.23515625 0.55078125 0.0359375 0.0296875
6 0.28046875 0.56171875 0.0390625 0.0296875