2 0.18671875 0.3671875 0.1921875 0.3765625
2 0.259375 0.80703125 0.20625 0.3859375
2 0.71796875 0.48125 0.1078125 0.0875
2 0.91484375 0.47421875 0.115625 0.1
5 0.90546875 0.73359375 0.1890625 0.3328125
6 0.38203125 0.8765625 0.0828125 0.196875
6 0.45703125 0.8625 0.078125 0.1828125
6 0.54296875 0.85078125 0.084375 0.190625
6 0.61875 0.82734375 0.071875 0.1734375
6 0.70234375 0.81875 0.0828125 0.2015625
6 0.77734375 0.79140625 0.0890625 0.1890625
6 0.728125 0.59921875 0.1046875 0.1125
6 0.6546875 0.07890625 0.1125 0.11875
6 0.8421875 0.059375 0.10625 0.115625
6 0.8671875 0.18984375 0.0984375 0.1171875
6 0.8921875 0.33359375 0.1015625 0.115625
0 0.6953125 0.29375 0.184375 0.3015625