3 0.50625 0.08671875 0.45234375 0.17265625
0 0.49453125 0.26875 0.12265625 0.07734375
0 0.5 0.61953125 0.17890625 0.10234375
0 0.31640625 0.903125 0.125 0.06484375
0 0.496875 0.909375 0.12265625 0.07109375
6 0.45859375 0.76953125 0.09375 0.0375
6 0.68125 0.921875 0.08359375 0.02890625
2 0.61640625 0.23046875 0.05859375 0.01484375
2 0.61875 0.25546875 0.05390625 0.0125
2 0.3375 0.53203125 0.02109375 0.03125
2 0.375 0.53359375 0.02109375 0.03125
2 0.521875 0.70625 0.05859375 0.025
2 0.53671875 0.86015625 0.06640625 0.01640625
1 0.69140625 0.88515625 0.12109375 0.0375
1 0.49921875 0.40859375 0.11875 0.04140625
6 0.496875 0.446875 0.09375 0.0375
6 0.27421875 0.86171875 0.04609375 0.01640625
6 0.4125 0.859375 0.04609375 0.02109375
6 0.62109375 0.53515625 0.025 0.02890625
6 0.66015625 0.53515625 0.02109375 0.02890625