2 0.8125 0.33671875 0.2 0.3734375
2 0.74453125 0.80234375 0.190625 0.38125
5 0.09296875 0.7359375 0.1859375 0.309375
0 0.29140625 0.27890625 0.171875 0.303125
6 0.3390625 0.07890625 0.1015625 0.1046875
6 0.1546875 0.053125 0.109375 0.103125
6 0.1296875 0.1859375 0.1015625 0.1078125
6 0.10546875 0.328125 0.1078125 0.096875
2 0.0921875 0.475 0.09375 0.0828125
2 0.29375 0.47109375 0.1171875 0.0953125
6 0.27265625 0.590625 0.1046875 0.1140625
6 0.62421875 0.85625 0.0796875 0.2
6 0.56015625 0.84296875 0.08125 0.2015625
6 0.471875 0.83359375 0.0796875 0.190625
6 0.39375 0.81328125 0.06875 0.1734375
6 0.30859375 0.8046875 0.0703125 0.159375
6 0.2265625 0.78984375 0.0765625 0.1703125