0 0.51953125 0.059375 0.10859375 0.05859375
0 0.50390625 0.23046875 0.225 0.21015625
5 0.36328125 0.62734375 0.25859375 0.24609375
7 0.846875 0.421875 0.11640625 0.06484375
1 0.86328125 0.071875 0.13125 0.04765625
1 0.57578125 0.915625 0.11484375 0.05390625
6 0.84453125 0.146875 0.09765625 0.03984375
6 0.8375 0.22734375 0.11875 0.03984375
6 0.475 0.79375 0.07890625 0.04375
6 0.43828125 0.91875 0.075 0.03359375
6 0.171875 0.20546875 0.11484375 0.03984375
6 0.175 0.27265625 0.10859375 0.03984375
6 0.17890625 0.34453125 0.09375 0.05
2 0.178125 0.06328125 0.09140625 0.04609375
2 0.16640625 0.13515625 0.08125 0.05625
2 0.84140625 0.31171875 0.1 0.05