3 0.41640625 0.3484375 0.8328125 0.225
3 0.43046875 0.4875 0.8609375 0.315625
3 0.45546875 0.671875 0.8609375 0.303125
3 0.47734375 0.81015625 0.8578125 0.234375
5 0.8424024875 0.0640196265625 0.855211575 0.130645359375 0.92580686875 0.1156919375 0.9127646468749999 0.047594242187500004 0.8424024875 0.0640196265625
3 0.08203125 0.12265625 0.1171875 0.1359375
3 0.92890625 0.49453125 0.0734375 0.2703125
3 0.89375 0.2703125 0.0640625 0.0609375
3 0.89140625 0.17109375 0.0765625 0.0453125
3 0.97109375 0.8640625 0.05625 0.0984375
1 0.446875 0.059375 0.065625 0.06875
1 0.46328125 0.1640625 0.071875 0.078125
1 0.571875 0.03828125 0.06875 0.071875
1 0.70390625 0.025 0.0703125 0.05
1 0.83125 0.015625 0.06875 0.03125
3 0.19765625 0.08984375 0.0984375 0.0671875
0 0.31640625 0.08515625 0.08125 0.096875
0 0.25 0.20078125 0.1203125 0.0875
4 0.1140625 0.228125 0.1125 0.0515625
4 0.6734375 0.1625 0.0390625 0.078125
6 0.159375 0.965625 0.040625 0.06875
6 0.35703125 0.95 0.040625 0.1
6 0.55546875 0.915625 0.0421875 0.090625
6 0.753125 0.884375 0.0390625 0.0921875
6 0.4390625 0.23515625 0.10625 0.046875
6 0.3859375 0.08359375 0.053125 0.1078125
6 0.6328125 0.17421875 0.046875 0.109375
3 0.96484375 0.72109375 0.065625 0.075
2 0.5703125 0.15078125 0.0734375 0.0859375
2 0.365625 0.18515625 0.08125 0.0546875
2 0.303125 0.25625 0.0796875 0.046875
2 0.11796875 0.28125 0.0875 0.053125
6 0.50625 0.06171875 0.0546875 0.1046875
6 0.63984375 0.0390625 0.0421875 0.078125
6 0.771875 0.03125 0.046875 0.0625