0 0.7390625 0.36796875 0.2421875 0.215625
4 0.94375 0.6046875 0.0703125 0.1796875
4 0.89453125 0.23828125 0.0671875 0.18125
4 0.68671875 0.209375 0.0859375 0.065625
6 0.90546875 0.621875 0.0921875 0.284375
6 0.86484375 0.6234375 0.1 0.3109375
6 0.77109375 0.83828125 0.075 0.209375
6 0.73125 0.81875 0.0765625 0.2171875
6 0.6984375 0.7390625 0.078125 0.228125
6 0.6234375 0.18828125 0.0734375 0.159375
6 0.61796875 0.3546875 0.0453125 0.1109375
6 0.58046875 0.35859375 0.0578125 0.134375
6 0.54453125 0.48671875 0.0546875 0.125
6 0.74296875 0.53359375 0.0578125 0.0671875
2 0.8296875 0.2109375 0.1171875 0.1921875
5 0.77421875 0.17109375 0.090625 0.2