3 0.60078125 0.8 0.12109375 0.11640625
3 0.80078125 0.69375 0.14609375 0.12265625
3 0.1962363625 0.3328090703125 0.6422596234375 0.1298001484375 0.594312075 0.04837349375 0.1315630484375 0.25011500625 0.1962363625 0.3328090703125
7 0.396875 0.696875 0.06015625 0.07265625
7 0.77421875 0.50625 0.06484375 0.05859375
4 0.70390625 0.53671875 0.05859375 0.05859375
4 0.478125 0.64765625 0.0625 0.05625
1 0.43046875 0.79765625 0.06484375 0.05
1 0.85625 0.59140625 0.04765625 0.04140625
6 0.47578125 0.71953125 0.05625 0.04609375
6 0.50546875 0.76328125 0.05390625 0.0375
6 0.75703125 0.58359375 0.05234375 0.03984375
6 0.790625 0.62421875 0.05234375 0.03125
0 0.68828125 0.63359375 0.10625 0.11484375
0 0.60234375 0.68046875 0.12890625 0.125