0 0.58203125 0.08671875 0.153125 0.096875
2 0.54609375 0.03203125 0.115625 0.0609375
2 0.35703125 0.2265625 0.1046875 0.05625
6 0.71640625 0.30859375 0.0796875 0.046875
6 0.58671875 0.27265625 0.1078125 0.065625
6 0.57578125 0.57578125 0.0953125 0.0546875
6 0.58203125 0.68671875 0.0640625 0.06875
6 0.4484375 0.6578125 0.053125 0.0578125
6 0.31171875 0.63515625 0.071875 0.0703125
6 0.4515625 0.790625 0.121875 0.0625
6 0.4703125 0.91640625 0.1234375 0.0484375
1 0.30703125 0.890625 0.140625 0.0859375
1 0.371875 0.52890625 0.125 0.0578125