6 0.8375 0.3578125 0.0578125 0.0625
7 0.7140625 0.40625 0.103125 0.0890625
6 0.32265625 0.3296875 0.0625 0.0671875
6 0.5984375 0.653125 0.05 0.0734375
6 0.31875 0.64921875 0.0765625 0.05
6 0.31015625 0.70625 0.09375 0.040625
6 0.29765625 0.765625 0.0890625 0.053125
6 0.609375 0.81484375 0.1015625 0.05625
6 0.5078125 0.92109375 0.0796875 0.0453125
1 0.3671875 0.89765625 0.1203125 0.0609375
0 0.51015625 0.49921875 0.19375 0.103125
2 0.5046875 0.42734375 0.1109375 0.04375
2 0.5125 0.38125 0.115625 0.04375