3 0.08203125 0.50234375 0.16015625 0.25859375
0 0.409375 0.56171875 0.16640625 0.25234375
3 0.07890625 0.87578125 0.1125 0.19609375
0 0.23359375 0.33125 0.10234375 0.09375
0 0.66328125 0.34921875 0.09765625 0.10234375
0 0.67578125 0.46875 0.04765625 0.0875
0 0.64375 0.67734375 0.04765625 0.08515625
1 0.55 0.36015625 0.075 0.08515625
6 0.25703125 0.42578125 0.03515625 0.025
6 0.20078125 0.45546875 0.02109375 0.01640625
6 0.20234375 0.48515625 0.02109375 0.01875
6 0.28125 0.509375 0.025 0.01640625
6 0.27578125 0.53828125 0.02109375 0.02734375
6 0.20625 0.59140625 0.02734375 0.07265625
6 0.16015625 0.709375 0.025 0.06875
0 0.25234375 0.69765625 0.07109375 0.07109375
4 0.2875 0.778125 0.04140625 0.03984375
6 0.22109375 0.771875 0.025 0.02265625
6 0.48046875 0.36015625 0.025 0.06875
6 0.54765625 0.57421875 0.01875 0.01875
6 0.70625 0.68046875 0.01484375 0.06640625
6 0.74296875 0.678125 0.02109375 0.05
1 0.075 0.08203125 0.10859375 0.125
1 0.071875 0.203125 0.09765625 0.10625
1 0.93515625 0.09453125 0.08984375 0.11484375
2 0.30703125 0.32734375 0.01015625 0.04765625
2 0.32109375 0.38984375 0.0125 0.04140625
2 0.34140625 0.38671875 0.01484375 0.04375
2 0.54765625 0.49375 0.02734375 0.02265625
2 0.54765625 0.53515625 0.01640625 0.025
2 0.73203125 0.48046875 0.01484375 0.03984375
2 0.671875 0.55390625 0.03359375 0.02109375
2 0.64453125 0.59375 0.02890625 0.01875
2 0.54765625 0.61484375 0.03359375 0.02109375
2 0.346875 0.740625 0.02890625 0.01875
2 0.45234375 0.734375 0.03359375 0.02734375
2 0.278125 0.565625 0.02265625 0.02265625
2 0.27890625 0.59453125 0.02109375 0.01640625
2 0.26328125 0.63984375 0.01875 0.02109375
2 0.43359375 0.36328125 0.01484375 0.03984375
2 0.74921875 0.34375 0.01015625 0.04140625