0 0.49921875 0.48828125 0.2328125 0.1703125
0 0.546875 0.84921875 0.153125 0.1265625
1 0.6046875 0.10625 0.125 0.06875
6 0.43125 0.30703125 0.1125 0.0703125
6 0.28984375 0.46875 0.1359375 0.0765625
2 0.2984375 0.54140625 0.125 0.071875
6 0.3078125 0.61015625 0.1234375 0.075
6 0.740625 0.8453125 0.1171875 0.059375
6 0.65703125 0.4421875 0.0625 0.115625
6 0.73984375 0.43125 0.0625 0.1203125
6 0.4796875 0.66171875 0.1234375 0.075
7 0.36171875 0.8671875 0.1421875 0.1171875
1 0.73515625 0.78515625 0.1203125 0.065625
2 0.56875 0.771875 0.05625 0.0328125
6 0.4453125 0.78828125 0.053125 0.0296875
6 0.31796875 0.80703125 0.0546875 0.028125