4 0.45625 0.7 0.15625 0.05625
4 0.33125 0.75078125 0.22265625 0.05234375
4 0.73046875 0.74609375 0.17265625 0.07109375
4 0.87421875 0.69765625 0.17265625 0.05234375
1 0.19921875 0.10078125 0.175 0.04140625
1 0.684375 0.09453125 0.15625 0.04375
4 0.20234375 0.14296875 0.12734375 0.05234375
4 0.69609375 0.146875 0.13984375 0.03515625
7 0.35 0.19765625 0.07265625 0.07265625
7 0.82421875 0.20078125 0.08125 0.06640625
6 0.05390625 0.115625 0.06640625 0.07109375
6 0.546875 0.115625 0.03515625 0.06015625
6 0.83359375 0.14921875 0.07109375 0.02734375
6 0.34921875 0.146875 0.07734375 0.03125
6 0.42578125 0.18828125 0.0375 0.06640625
6 0.91640625 0.18046875 0.04375 0.0625
3 0.18046875 0.528125 0.08515625 0.12890625
3 0.65078125 0.53828125 0.07890625 0.13359375
3 0.584375 0.87109375 0.83125 0.15390625
3 0.05703125 0.33828125 0.06015625 0.14375