0 0.51484375 0.49609375 0.56015625 0.57109375
0 0.09453125 0.45234375 0.08125 0.08984375
7 0.86328125 0.77578125 0.08359375 0.08359375
2 0.09140625 0.25546875 0.075 0.03984375
2 0.090625 0.309375 0.075 0.05234375
2 0.09453125 0.36328125 0.075 0.05
2 0.090625 0.53203125 0.07265625 0.04765625
2 0.97265625 0.26953125 0.03359375 0.08359375
1 0.16015625 0.59140625 0.06015625 0.03359375
1 0.15859375 0.62890625 0.06015625 0.03125
1 0.15703125 0.67109375 0.06640625 0.02734375
0 0.87734375 0.28515625 0.09609375 0.0875
0 0.90390625 0.484375 0.1625 0.16015625
6 0.87265625 0.67109375 0.10859375 0.05234375
6 0.06953125 0.62421875 0.075 0.10234375