3 0.89453125 0.43046875 0.190625 0.390625
0 0.5546875 0.1703125 0.140625 0.1453125
0 0.5984375 0.39609375 0.11875 0.1375
0 0.6390625 0.609375 0.1328125 0.1515625
0 0.678125 0.82265625 0.128125 0.1609375
4 0.3203125 0.26640625 0.0875 0.0546875
4 0.35859375 0.47890625 0.0859375 0.0625
4 0.39765625 0.67265625 0.0890625 0.0671875
4 0.4390625 0.89375 0.0984375 0.0625
2 0.65078125 0.12578125 0.1 0.1203125
2 0.71171875 0.34453125 0.1015625 0.1125
2 0.7546875 0.53671875 0.115625 0.1234375
2 0.78984375 0.775 0.090625 0.1171875
1 0.428125 0.24375 0.0953125 0.1109375
1 0.46796875 0.453125 0.06875 0.0875
1 0.5 0.6484375 0.084375 0.0984375
1 0.55234375 0.87109375 0.078125 0.078125
6 0.4265625 0.8125 0.190625 0.1390625
6 0.39921875 0.6015625 0.1765625 0.1109375
6 0.35390625 0.40390625 0.1765625 0.103125
6 0.30703125 0.19296875 0.1859375 0.115625
3 0.11640625 0.57890625 0.2296875 0.5734375