6 0.18515625 0.3125 0.05 0.05625
7 0.30078125 0.37734375 0.09375 0.07734375
6 0.69921875 0.35625 0.05390625 0.06015625
6 0.38125 0.63828125 0.04140625 0.06875
6 0.65859375 0.67265625 0.07109375 0.03984375
6 0.659375 0.73046875 0.08984375 0.02890625
6 0.66328125 0.79140625 0.08359375 0.04140625
6 0.34765625 0.796875 0.09609375 0.04375
6 0.43359375 0.915625 0.075 0.03515625
1 0.57578125 0.9125 0.11484375 0.04609375
0 0.48984375 0.49765625 0.18515625 0.07734375
2 0.50546875 0.42734375 0.10859375 0.02890625
2 0.50390625 0.38046875 0.1125 0.02890625