1 0.8921875 0.79609375 0.1640625 0.078125
1 0.878125 0.72578125 0.15625 0.0828125
1 0.8515625 0.65234375 0.1703125 0.0828125
1 0.84453125 0.58984375 0.1296875 0.06875
1 0.83515625 0.5296875 0.159375 0.0734375
1 0.8140625 0.478125 0.121875 0.071875
1 0.790625 0.42109375 0.125 0.0671875
1 0.79609375 0.37109375 0.1296875 0.065625
1 0.77578125 0.325 0.125 0.06875
1 0.78359375 0.27890625 0.1515625 0.075
1 0.76953125 0.2359375 0.1015625 0.0640625
1 0.7359375 0.196875 0.1234375 0.0609375
1 0.73046875 0.15078125 0.10625 0.05625
1 0.71953125 0.1140625 0.1140625 0.0609375
1 0.709375 0.0140625 0.115625 0.028125
1 0.696875 0.03984375 0.11875 0.059375
1 0.70234375 0.07109375 0.1234375 0.0609375