3 0.08984375 0.04140625 0.175 0.06484375
3 0.703125 0.16796875 0.11875 0.06484375
3 0.86796875 0.17265625 0.15234375 0.06875
3 0.69765625 0.30234375 0.1125 0.05390625
3 0.76875 0.86015625 0.1125 0.06015625
7 0.93515625 0.81953125 0.06015625 0.11484375
5 0.44765625 0.54765625 0.15 0.20234375
1 0.30703125 0.16875 0.05859375 0.08515625
1 0.30625 0.30703125 0.07109375 0.06875
1 0.51875 0.2625 0.08125 0.12890625
7 0.584375 0.60234375 0.03984375 0.08125
1 0.88125 0.359375 0.025 0.09609375
1 0.20234375 0.96875 0.05390625 0.03984375
0 0.13515625 0.5359375 0.2703125 0.225
2 0.30390625 0.49765625 0.02890625 0.0625
2 0.35390625 0.603125 0.02265625 0.06484375
2 0.28515625 0.96796875 0.03515625 0.025
2 0.84765625 0.365625 0.02109375 0.06875
2 0.84921875 0.625 0.02109375 0.06015625
2 0.88125 0.81484375 0.03359375 0.06484375
6 0.17890625 0.18046875 0.02265625 0.07890625
6 0.18046875 0.30234375 0.02265625 0.05234375
6 0.30390625 0.584375 0.01875 0.05859375
6 0.584375 0.49765625 0.02109375 0.07265625
6 0.88046875 0.62578125 0.02265625 0.05
6 0.846875 0.45390625 0.02265625 0.05390625
6 0.88203125 0.45 0.02734375 0.05
6 0.20703125 0.92265625 0.06484375 0.02734375
1 0.96328125 0.396875 0.07265625 0.12734375
6 0.37421875 0.16875 0.02109375 0.07109375
6 0.37578125 0.30625 0.025 0.06015625
6 0.48515625 0.13671875 0.02890625 0.05234375
6 0.51953125 0.13671875 0.02265625 0.06875
6 0.553125 0.13515625 0.02734375 0.06640625