3 0.503125 0.19453125 0.709375 0.3890625
0 0.51171875 0.64765625 0.36875 0.16875
1 0.79140625 0.93203125 0.1125 0.02265625
6 0.24296875 0.77734375 0.06875 0.01875
6 0.24375 0.665625 0.04375 0.01484375
6 0.24296875 0.803125 0.06484375 0.01875
6 0.23828125 0.92890625 0.09609375 0.02734375
6 0.790625 0.778125 0.06484375 0.01640625
6 0.8 0.80390625 0.075 0.01875
6 0.796875 0.609375 0.04140625 0.0125
6 0.74375 0.55234375 0.06484375 0.0125
6 0.346875 0.50078125 0.03515625 0.03515625
6 0.47734375 0.496875 0.03125 0.03359375
6 0.53515625 0.49921875 0.03359375 0.02890625
6 0.59609375 0.49921875 0.03984375 0.03359375
6 0.65859375 0.49765625 0.03125 0.025
2 0.19140625 0.53046875 0.04765625 0.01640625
2 0.22421875 0.61796875 0.05 0.0125
2 0.796875 0.590625 0.05234375 0.01484375
2 0.79609375 0.678125 0.05 0.01875
2 0.8 0.71015625 0.05 0.0125
2 0.24453125 0.70859375 0.05234375 0.01640625
2 0.24609375 0.71015625 0.06640625 0.0125
2 0.43828125 0.75234375 0.06015625 0.0125