1 0.684375 0.08125 0.10390625 0.09375
1 0.61640625 0.19296875 0.11875 0.08515625
1 0.55546875 0.30234375 0.10234375 0.09140625
1 0.37421875 0.61484375 0.12109375 0.08515625
1 0.31328125 0.728125 0.12734375 0.075
1 0.253125 0.85078125 0.10859375 0.09765625
2 0.325 0.84296875 0.05 0.03125
2 0.41953125 0.68203125 0.05625 0.03984375
2 0.45234375 0.61953125 0.04140625 0.03125
2 0.60078125 0.353125 0.04609375 0.04140625
2 0.63984375 0.29453125 0.04609375 0.04140625
2 0.73125 0.1375 0.05234375 0.05859375