3 0.747767409375 0.1656181140625 0.7874855468749999 0.3675076828125 0.9609016921875 0.344669071875 0.920518025 0.1276241 0.747767409375 0.1656181140625
3 0.8300281343749999 0.47446621718750004 0.8644143953125001 0.6392469421875 0.9710627031250001 0.6509960953125 0.9354924296875 0.46862069375 0.8300281343749999 0.47446621718750004
0 0.55 0.34921875 0.1171875 0.1828125
0 0.77734375 0.5828125 0.1140625 0.15
3 0.459375 0.56953125 0.078125 0.0953125
6 0.69453125 0.20859375 0.0203125 0.0234375
6 0.6859375 0.25234375 0.0265625 0.0234375
6 0.69453125 0.28671875 0.025 0.0203125
6 0.41953125 0.33203125 0.0265625 0.0234375
2 0.7484375 0.3859375 0.0234375 0.0421875
2 0.63125 0.325 0.0171875 0.0359375
2 0.6125 0.3265625 0.01875 0.0328125
1 0.459375 0.32421875 0.03125 0.028125
7 0.7328125 0.2578125 0.03125 0.0515625
2 0.50390625 0.41328125 0.015625 0.034375
2 0.6796875 0.41171875 0.0171875 0.040625
2 0.69375 0.48125 0.01875 0.053125