3 0.87890625 0.22890625 0.2421875 0.3359375
3 0.62421875 0.16796875 0.3046875 0.321875
3 0.22844658906249998 0 0.1843901625 0.19981193749999998 0.19163373749999998 0.2167340453125 0.42252505781250005 0.26817803906250004 0.4766558515625 0.025282009374999997 0.4639252015625 0 0.22844658906249998 0
3 0.8790156921875001 1 0.91165390625 0.8348020359375001 0.9117555765625 0.8147081500000001 0.6792685828125 0.762924984375 0.6715179796874999 0.7719269234375 0.6262302953125001 1 0.8790156921875001 1
3 0.5727819249999999 1 0.5751906484375 0.9975709484375 0.62461034375 0.7572233374999999 0.3894892015625 0.7060635328125 0.37596327500000004 0.7422362390624999 0.33806847812499996 0.9519021328124999 0.3497696359375 0.9792378484375 0.45311207343750004 1 0.5727819249999999 1
3 0.334755040625 0.69679595625 0.0926940078125 0.6429777671875 0.0291410171875 0.8909706343750001 0.056165787499999995 0.9168304234375 0.2508379046875 0.958209259375 0.27702754375 0.9448438046875 0.334755040625 0.69679595625
6 0.84609375 0.5125 0.0234375 0.0484375
6 0.82109375 0.63828125 0.021875 0.0359375
6 0.784375 0.675 0.028125 0.0265625
6 0.78046875 0.7 0.028125 0.0234375
6 0.7015625 0.70625 0.025 0.0265625
6 0.5171875 0.603125 0.025 0.0234375
6 0.51328125 0.6296875 0.0265625 0.0234375
6 0.69296875 0.51015625 0.03125 0.0234375
6 0.65 0.50078125 0.028125 0.0234375
6 0.71328125 0.4078125 0.025 0.0265625
6 0.671875 0.396875 0.01875 0.021875
6 0.24921875 0.325 0.025 0.0234375
6 0.22734375 0.4296875 0.028125 0.0265625
6 0.18125 0.41640625 0.028125 0.0296875
6 0.159375 0.36015625 0.01875 0.03125
6 0.12734375 0.509375 0.015625 0.0328125
6 0.21796875 0.47109375 0.0265625 0.0234375
6 0.17265625 0.465625 0.0265625 0.0234375
2 0.80859375 0.465625 0.021875 0.0390625
2 0.79140625 0.4625 0.0234375 0.0421875
2 0.71640625 0.62890625 0.034375 0.0265625
2 0.7046875 0.678125 0.025 0.0203125
2 0.69375 0.73515625 0.0328125 0.025
2 0.63046875 0.63359375 0.021875 0.0390625
2 0.61171875 0.63203125 0.021875 0.0359375
2 0.58671875 0.628125 0.025 0.04375
2 0.56640625 0.61953125 0.0203125 0.034375
2 0.61015625 0.52265625 0.0265625 0.0234375
2 0.6046875 0.5515625 0.025 0.025
2 0.40859375 0.521875 0.0375 0.06875
2 0.3765625 0.5140625 0.028125 0.046875
2 0.36875 0.6375 0.0296875 0.05625
2 0.38984375 0.38125 0.040625 0.0359375
2 0.38515625 0.428125 0.0515625 0.05
6 0.23671875 0.5265625 0.01875 0.0359375
0 0.3296875 0.5046875 0.078125 0.1125
7 0.70234375 0.4609375 0.05625 0.0734375
7 0.65703125 0.4515625 0.05625 0.0703125
7 0.2375 0.37734375 0.05625 0.0703125
7 0.19296875 0.3671875 0.0515625 0.0671875
7 0.2046875 0.5234375 0.0578125 0.0828125
7 0.1609375 0.5140625 0.05 0.08125