3 0.53515625 0.0859375 0.2390625 0.153125
0 0.2875 0.38359375 0.16875 0.0953125
0 0.7203125 0.40546875 0.2484375 0.1171875
0 0.4953125 0.753125 0.278125 0.1296875
1 0.63203125 0.91015625 0.1046875 0.0421875
6 0.34609375 0.88828125 0.0953125 0.0359375
2 0.30078125 0.6765625 0.05 0.053125
2 0.6984375 0.69921875 0.06875 0.0625
2 0.37421875 0.51640625 0.05625 0.0609375
2 0.63359375 0.53125 0.05625 0.0671875
6 0.5015625 0.52109375 0.046875 0.0625
6 0.40390625 0.60234375 0.1015625 0.034375
6 0.58671875 0.61640625 0.090625 0.0296875