0 0.515625 0.353125 0.240625 0.3890625
4 0.58125 0.65625 0.1734375 0.128125
1 0.39375 0.8734375 0.0578125 0.1
2 0.675 0.1265625 0.0640625 0.0625
2 0.69140625 0.1984375 0.0625 0.0546875
2 0.72890625 0.3453125 0.0546875 0.0484375
2 0.74296875 0.421875 0.0578125 0.05625
2 0.7921875 0.6390625 0.0578125 0.0453125
2 0.8046875 0.715625 0.0609375 0.05
2 0.821875 0.7921875 0.059375 0.0453125
2 0.2734375 0.1265625 0.059375 0.05
2 0.28203125 0.20078125 0.05625 0.05625
2 0.15703125 0.17890625 0.0375 0.0703125
2 0.30078125 0.27109375 0.05625 0.046875
2 0.29453125 0.41953125 0.04375 0.0828125
2 0.36953125 0.4609375 0.0484375 0.0765625
2 0.371875 0.6 0.0625 0.0546875
2 0.3921875 0.67421875 0.0578125 0.0421875
2 0.40546875 0.75625 0.05625 0.059375
2 0.2015625 0.490625 0.05 0.0453125
2 0.21796875 0.5578125 0.0578125 0.053125
6 0.709375 0.27890625 0.0609375 0.0578125
6 0.76015625 0.49375 0.053125 0.0484375
6 0.778125 0.575 0.0765625 0.0578125
6 0.25078125 0.63046875 0.096875 0.0703125
6 0.27265625 0.740625 0.1 0.0765625
6 0.17109375 0.3015625 0.0953125 0.075
6 0.196875 0.40703125 0.09375 0.0703125
2 0.2859375 0.8875 0.040625 0.0734375
6 0.4625 0.84765625 0.0578125 0.096875
6 0.45078125 0.08515625 0.0671875 0.0609375