0 0.43359375 0.20859375 0.175 0.1734375
0 0.72734375 0.72578125 0.153125 0.0984375
0 0.5375 0.690625 0.146875 0.103125
0 0.36640625 0.90625 0.1515625 0.0890625
6 0.76171875 0.49296875 0.0984375 0.0625
6 0.33359375 0.5890625 0.1 0.0578125
6 0.64921875 0.63515625 0.059375 0.059375
6 0.4109375 0.69296875 0.065625 0.059375
6 0.33125 0.71015625 0.0515625 0.0578125
6 0.24765625 0.72890625 0.059375 0.059375
6 0.4046875 0.76796875 0.090625 0.053125
6 0.2640625 0.8015625 0.0921875 0.0484375
6 0.2796875 0.85234375 0.103125 0.0640625
6 0.5640625 0.81015625 0.1015625 0.0546875
6 0.575 0.86171875 0.1015625 0.053125
6 0.87578125 0.78203125 0.0625 0.06875
6 0.859375 0.696875 0.0703125 0.06875
2 0.76796875 0.59453125 0.11875 0.0625
2 0.50625 0.56640625 0.115625 0.059375
2 0.521875 0.61015625 0.1125 0.0625
2 0.7859375 0.63828125 0.1015625 0.0578125
2 0.55859375 0.76640625 0.1078125 0.0515625
2 0.41875 0.82421875 0.10625 0.0609375
1 0.74765625 0.83671875 0.1140625 0.059375