4 0.653125 0.3375 0.16484375 0.15
0 0.67109375 0.11640625 0.14375 0.19609375
2 0.48515625 0.26328125 0.09609375 0.22109375
2 0.375 0.27890625 0.1 0.21015625
2 0.9125 0.090625 0.1625 0.14375
2 0.13203125 0.28515625 0.06484375 0.05625
2 0.053125 0.09609375 0.0625 0.05390625
4 0.05859375 0.18828125 0.07109375 0.07265625
4 0.05859375 0.84375 0.07109375 0.08125
6 0.04296875 0.27109375 0.06640625 0.0625
6 0.16328125 0.509375 0.08125 0.09375
6 0.17421875 0.63515625 0.12734375 0.1
6 0.034375 0.6375 0.05859375 0.06015625
6 0.03984375 0.93671875 0.05625 0.05
2 0.13359375 0.94375 0.07890625 0.05859375
2 0.046875 0.746875 0.075 0.05234375