4 0.50234375 0.121875 0.1046875 0.103125
4 0.7234375 0.6703125 0.0703125 0.1515625
4 0.4609375 0.7078125 0.090625 0.0859375
6 0.66484375 0.68671875 0.0796875 0.1765625
6 0.6109375 0.71640625 0.0390625 0.08125
6 0.6921875 0.3296875 0.0421875 0.09375
7 0.71484375 0.46171875 0.0703125 0.08125
6 0.77578125 0.58125 0.0578125 0.046875
6 0.7734375 0.47109375 0.0421875 0.0984375
6 0.790625 0.653125 0.053125 0.0515625
1 0.803125 0.72109375 0.0625 0.05
2 0.74140625 0.31875 0.0453125 0.103125
2 0.22109375 0.51171875 0.040625 0.1
0 0.5921875 0.43203125 0.1515625 0.265625
0 0.40859375 0.46796875 0.1421875 0.25625
3 0.85859375 0.3640625 0.2171875 0.4375
3 0.1171875 0.51328125 0.2 0.26875