3 0.5 0.153125 1 0.29765625
0 0.484375 0.465625 0.16875 0.10390625
2 0.56015625 0.36640625 0.0375 0.00859375
2 0.2625 0.51328125 0.05625 0.01484375
2 0.26171875 0.55234375 0.05 0.01640625
2 0.63984375 0.51796875 0.03125 0.03125
2 0.521875 0.55 0.0375 0.0125
2 0.62578125 0.80234375 0.025 0.02734375
2 0.31484375 0.91796875 0.01875 0.025
2 0.67421875 0.92109375 0.02109375 0.02265625
6 0.64453125 0.42890625 0.04140625 0.03515625
6 0.67109375 0.47578125 0.0625 0.02109375
6 0.525 0.85703125 0.06875 0.02109375
6 0.4375 0.94765625 0.07109375 0.02109375
1 0.55390625 0.94921875 0.09140625 0.025