0 0.60078125 0.78125 0.11875 0.1015625
7 0.41328125 0.73125 0.1109375 0.090625
6 0.56953125 0.15546875 0.13125 0.05625
6 0.32265625 0.2015625 0.134375 0.0609375
6 0.51328125 0.1203125 0.046875 0.0265625
6 0.35859375 0.14375 0.046875 0.0265625
2 0.7296875 0.1640625 0.065625 0.071875
2 0.17109375 0.25859375 0.0609375 0.0609375
0 0.1625 0.44296875 0.1265625 0.096875
3 0.94765625 0.65 0.1046875 0.5125
3 0.090625 0.7859375 0.165625 0.428125
6 0.89296875 0.28515625 0.084375 0.040625
6 0.928125 0.20625 0.0265625 0.028125
6 0.84609375 0.23359375 0.059375 0.03125
6 0.9203125 0.34140625 0.0296875 0.0375
6 0.840625 0.35859375 0.034375 0.0359375
6 0.80234375 0.36328125 0.0265625 0.0375
6 0.3109375 0.42265625 0.0359375 0.034375
6 0.27265625 0.42890625 0.0265625 0.0328125
6 0.31796875 0.4625 0.025 0.03125
6 0.19375 0.50703125 0.0265625 0.0328125
6 0.1578125 0.51796875 0.034375 0.0359375
6 0.09375 0.5171875 0.0609375 0.028125
6 0.50859375 0.55 0.03125 0.0328125
6 0.46640625 0.559375 0.0296875 0.03125
6 0.69453125 0.65625 0.0296875 0.0328125
6 0.653125 0.665625 0.0265625 0.0328125
6 0.6171875 0.6734375 0.0296875 0.0234375
6 0.7359375 0.72890625 0.06875 0.034375
6 0.60703125 0.7234375 0.0484375 0.021875
6 0.45546875 0.79296875 0.046875 0.0265625
6 0.63359375 0.83125 0.0453125 0.0234375
6 0.73984375 0.778125 0.065625 0.04375
2 0.6984375 0.3515625 0.08125 0.0421875
2 0.73828125 0.4171875 0.046875 0.0625
2 0.6875 0.40859375 0.03125 0.025
2 0.64453125 0.42109375 0.0328125 0.0328125
2 0.59375 0.41796875 0.028125 0.034375
2 0.55234375 0.42421875 0.025 0.03125
2 0.49609375 0.42421875 0.0421875 0.0515625
2 0.43671875 0.434375 0.046875 0.0515625
2 0.36015625 0.45859375 0.028125 0.0375
2 0.284375 0.38984375 0.0453125 0.0234375
2 0.27421875 0.4921875 0.0328125 0.0359375
2 0.64765625 0.45234375 0.0359375 0.025
2 0.65234375 0.4765625 0.0390625 0.01875
2 0.65 0.49921875 0.0421875 0.025
2 0.65 0.5265625 0.0390625 0.028125
2 0.73203125 0.52578125 0.0484375 0.05625
2 0.53203125 0.85 0.0453125 0.021875
2 0.34140625 0.93671875 0.0265625 0.0328125