3 0.121875 0.2625 0.24140625 0.25625
3 0.12890625 0.7625 0.22734375 0.25
3 0.940625 0.74140625 0.11875 0.21484375
3 0.93671875 0.2625 0.11484375 0.20625
1 0.70625 0.13203125 0.08515625 0.05859375
1 0.70859375 0.203125 0.0875 0.05390625
1 0.703125 0.29921875 0.09140625 0.05859375
1 0.70859375 0.3875 0.08125 0.04765625
1 0.76796875 0.67734375 0.04765625 0.03125
1 0.76796875 0.725 0.04765625 0.03359375
1 0.76796875 0.76875 0.05 0.025
1 0.771875 0.81328125 0.05234375 0.03125
6 0.70859375 0.67890625 0.03984375 0.02890625
6 0.71015625 0.72578125 0.04375 0.03125
6 0.71171875 0.765625 0.04765625 0.03125
6 0.71015625 0.81640625 0.04765625 0.03359375
0 0.39296875 0.23984375 0.21015625 0.25
0 0.38828125 0.746875 0.18515625 0.26640625