3 0.09140625 0.115625 0.09140625 0.07109375
3 0.18359375 0.11328125 0.08515625 0.08359375
3 0.271875 0.1125 0.09375 0.0875
3 0.35859375 0.115625 0.08359375 0.08125
3 0.44921875 0.12109375 0.0875 0.08125
3 0.53828125 0.11796875 0.0875 0.07890625
3 0.62890625 0.11328125 0.08984375 0.075
3 0.71796875 0.115625 0.0875 0.07734375
3 0.08828125 0.865625 0.09140625 0.07265625
3 0.18203125 0.86875 0.08984375 0.08984375
3 0.27109375 0.86484375 0.08515625 0.08125
3 0.359375 0.86796875 0.08984375 0.08515625
3 0.45234375 0.87421875 0.09609375 0.08515625
3 0.540625 0.87109375 0.08515625 0.0875
3 0.63359375 0.865625 0.09375 0.06640625
3 0.71796875 0.87421875 0.07734375 0.07890625
0 0.80078125 0.675 0.05390625 0.24375
0 0.82109375 0.13046875 0.07890625 0.10859375
0 0.80078125 0.38125 0.04140625 0.24140625
0 0.85390625 0.334375 0.0375 0.05390625
0 0.91328125 0.33359375 0.03984375 0.05625
0 0.85390625 0.39765625 0.03984375 0.04375
0 0.85703125 0.44921875 0.0375 0.05390625
0 0.85546875 0.515625 0.0375 0.05390625
0 0.91796875 0.51015625 0.03515625 0.05234375
0 0.91640625 0.45625 0.03515625 0.05234375
0 0.915625 0.39921875 0.04140625 0.05625
0 0.85390625 0.6625 0.03515625 0.05625
0 0.85390625 0.71328125 0.0375 0.05
0 0.85546875 0.77265625 0.0375 0.05625
0 0.85625 0.83203125 0.03984375 0.04375
0 0.91484375 0.6625 0.04375 0.04765625
0 0.91484375 0.71640625 0.03984375 0.05234375
0 0.91328125 0.77578125 0.03515625 0.05234375
0 0.915625 0.8375 0.03984375 0.04765625
6 0.85859375 0.56328125 0.02734375 0.02734375
6 0.915625 0.56015625 0.03125 0.03359375
6 0.8 0.828125 0.01484375 0.04375
6 0.8 0.88203125 0.01640625 0.04765625
6 0.85546875 0.878125 0.02890625 0.02109375
6 0.915625 0.88046875 0.02734375 0.02265625
6 0.809375 0.22890625 0.0125 0.04140625
6 0.85078125 0.26953125 0.01875 0.04765625
4 0.87890625 0.11484375 0.01484375 0.075
2 0.96875 0.22265625 0.01015625 0.04609375
2 0.92421875 0.11875 0.06015625 0.11640625
2 0.93671875 0.228125 0.05234375 0.08515625
2 0.88203125 0.22109375 0.04765625 0.08984375
3 0.96640625 0.33359375 0.05390625 0.12734375
3 0.96640625 0.57421875 0.0375 0.2625
6 0.73515625 0.55703125 0.02265625 0.01875
6 0.7 0.42890625 0.025 0.025
6 0.61484375 0.42734375 0.02265625 0.02265625
6 0.646875 0.55390625 0.02109375 0.02109375
6 0.559375 0.55625 0.02265625 0.01875
6 0.525 0.42890625 0.025 0.02109375
6 0.07890625 0.42734375 0.01875 0.02109375
6 0.11484375 0.553125 0.025 0.02265625
6 0.17109375 0.42578125 0.025 0.02109375
6 0.20546875 0.55390625 0.02109375 0.01875
6 0.296875 0.55703125 0.025 0.01484375
6 0.26015625 0.42890625 0.02890625 0.02265625
6 0.34609375 0.43125 0.02109375 0.01875
6 0.38125 0.55546875 0.01875 0.02265625
6 0.47109375 0.553125 0.02265625 0.0125
6 0.4375 0.43125 0.02265625 0.02265625
1 0.11875 0.43125 0.02265625 0.02109375
1 0.08046875 0.553125 0.02265625 0.02109375
1 0.20546875 0.42734375 0.02109375 0.02265625
1 0.16796875 0.553125 0.02265625 0.01640625
1 0.25546875 0.55546875 0.02265625 0.02265625
1 0.384375 0.42890625 0.02265625 0.02109375
1 0.34375 0.553125 0.025 0.02109375
1 0.296875 0.428125 0.02265625 0.02109375
1 0.46953125 0.43125 0.02265625 0.01875
1 0.43515625 0.55546875 0.02265625 0.025
1 0.525 0.55546875 0.02265625 0.02109375
1 0.646875 0.42890625 0.02265625 0.02109375
1 0.73671875 0.42890625 0.025 0.025
1 0.61015625 0.55546875 0.025 0.02109375
1 0.7 0.55625 0.025 0.01640625