3 0.90390625 0.41796875 0.1921875 0.3984375
3 0.1 0.5828125 0.2 0.4625
0 0.391111853125 0.5232251109375 0.5785767140625 0.8008441843749999 0.653081578125 0.44827701875 0.45861247968749996 0.168587096875 0.391111853125 0.5232251109375
7 0.2109375 0.4671875 0.0625 0.1296875
1 0.2609375 0.759375 0.0671875 0.0703125
1 0.17890625 0.34921875 0.0609375 0.0609375
0 0.78125 0.43671875 0.06875 0.121875
4 0.77421875 0.26171875 0.0515625 0.0625
2 0.77734375 0.321875 0.021875 0.0359375
2 0.81640625 0.5171875 0.0234375 0.028125
6 0.82421875 0.55859375 0.0234375 0.0296875
6 0.83203125 0.60078125 0.0234375 0.028125
6 0.8390625 0.64375 0.0265625 0.0375
6 0.2671875 0.51328125 0.025 0.0375
6 0.3703125 0.29375 0.028125 0.03125
2 0.25234375 0.44375 0.025 0.05625
2 0.32578125 0.29609375 0.01875 0.05
2 0.3375 0.36484375 0.015625 0.0359375
2 0.3484375 0.49140625 0.0234375 0.059375
2 0.36171875 0.55625 0.015625 0.040625
2 0.325 0.528125 0.0578125 0.1375
2 0.569306534375 0.2350852015625 0.5820860859375 0.2512337765625 0.5886924812500001 0.2205296203125 0.5783362999999999 0.20390998906250002 0.569306534375 0.2350852015625
2 0.6170129796875 0.33172402343749996 0.6275163125 0.351257053125 0.6343794515625001 0.317560990625 0.621452746875 0.298499015625 0.6170129796875 0.33172402343749996
2 0.3881777484375 0.2693124046875 0.3988272046875 0.28097169375000003 0.404442128125 0.24947959218750002 0.3908547828125 0.23348803437500001 0.3881777484375 0.2693124046875
2 0.617754303125 0.7905319984375 0.627706590625 0.807230140625 0.6321828890625001 0.7720366953125 0.6223412234375 0.7602203859375 0.617754303125 0.7905319984375
2 0.38755304687500003 0.6499325609375 0.40125100937499997 0.67080595 0.4097297328125 0.6367958484375 0.39518744687499996 0.6180479109375 0.38755304687500003 0.6499325609375
6 0.6142444 0.1773168234375 0.6278317421875 0.19330838125 0.6329686828125001 0.1550445203125 0.6217681796875001 0.14055034375 0.6142444 0.1773168234375
2 0.375 0.3265625 0.028125 0.0265625