3 0.24453125 0.32421875 0.3859375 0.315625
4 0.528125 0.64765625 0.0828125 0.0796875
4 0.69375 0.459375 0.059375 0.0515625
7 0.47109375 0.7265625 0.0640625 0.0703125
7 0.7625 0.39609375 0.059375 0.0515625
6 0.76015625 0.47109375 0.0578125 0.053125
6 0.5671875 0.69140625 0.053125 0.04375
6 0.60625 0.703125 0.046875 0.0453125
3 0.83984375 0.49453125 0.1421875 0.1640625
3 0.70625 0.6609375 0.178125 0.1953125
1 0.56015625 0.75625 0.05 0.053125
0 0.6453125 0.58515625 0.1375 0.121875
0 0.70078125 0.5296875 0.1390625 0.1203125