3 0.8984375 0.4578125 0.165625 0.3875
0 0.57734375 0.175 0.1328125 0.1390625
0 0.60546875 0.403125 0.1109375 0.1328125
0 0.63125 0.61875 0.1234375 0.1453125
0 0.65546875 0.834375 0.11875 0.1546875
4 0.33671875 0.2546875 0.0859375 0.05
4 0.36015625 0.46953125 0.084375 0.05625
4 0.3859375 0.66484375 0.0875 0.0625
4 0.41171875 0.8890625 0.096875 0.05625
2 0.6765625 0.1375 0.09375 0.115625
2 0.721875 0.359375 0.096875 0.1078125
2 0.7515625 0.55390625 0.109375 0.1171875
2 0.76953125 0.79453125 0.0828125 0.1140625
1 0.44609375 0.2390625 0.0890625 0.10625
1 0.47109375 0.45078125 0.0625 0.084375
1 0.48984375 0.6484375 0.078125 0.0953125
1 0.5265625 0.8734375 0.0734375 0.0734375
6 0.4046875 0.80703125 0.184375 0.128125
6 0.39296875 0.59453125 0.1734375 0.1
6 0.3609375 0.39453125 0.1734375 0.0921875
6 0.32890625 0.18046875 0.18125 0.1046875
3 0.11171875 0.5515625 0.1921875 0.571875