0 0.49140625 0.60625 0.415625 0.1953125
2 0.2546875 0.36484375 0.109375 0.0375
2 0.7296875 0.41640625 0.0921875 0.03125
4 0.7203125 0.81875 0.1421875 0.046875
0 0.203125 0.7890625 0.1359375 0.0984375
4 0.33203125 0.78515625 0.071875 0.0859375
1 0.496875 0.88203125 0.1109375 0.0453125
1 0.20703125 0.5875 0.078125 0.071875
1 0.78203125 0.5953125 0.0671875 0.0703125
6 0.25078125 0.41171875 0.0859375 0.0234375
6 0.2546875 0.459375 0.10625 0.0390625
6 0.4671875 0.409375 0.075 0.021875
6 0.5953125 0.4140625 0.08125 0.0234375
6 0.4796875 0.359375 0.0484375 0.040625
6 0.553125 0.35703125 0.0375 0.0421875
6 0.20390625 0.65 0.078125 0.0296875
6 0.66015625 0.878125 0.0921875 0.0421875
6 0.78046875 0.66171875 0.0671875 0.028125
2 0.196875 0.71328125 0.078125 0.0234375
2 0.71171875 0.7671875 0.1046875 0.0421875
2 0.43671875 0.759375 0.0859375 0.0234375
6 0.3046875 0.88125 0.0671875 0.0265625