5 0.36171875 0.39609375 0.0609375 0.0484375
0 0.2890625 0.3921875 0.0625 0.034375
0 0.228125 0.4578125 0.0359375 0.0421875
0 0.2640625 0.45625 0.0375 0.04375
0 0.296875 0.4546875 0.028125 0.046875
0 0.3328125 0.45078125 0.0375 0.0421875
6 0.23203125 0.52265625 0.025 0.034375
6 0.265625 0.52265625 0.025 0.034375
6 0.29921875 0.52109375 0.0296875 0.03125
6 0.32890625 0.51953125 0.03125 0.0359375
3 0.30546875 0.58046875 0.1828125 0.0703125
0 0.38046875 0.5234375 0.0421875 0.03125
2 0.371875 0.48046875 0.0453125 0.046875
6 0.2296875 0.3953125 0.034375 0.025
3 0.4578125 0.58125 0.0921875 0.0734375
2 0.43515625 0.51640625 0.0640625 0.0515625
4 0.48125 0.515625 0.028125 0.04375
0 0.5171875 0.45234375 0.0359375 0.04375
0 0.55234375 0.453125 0.0359375 0.0484375
0 0.58671875 0.4515625 0.034375 0.046875
0 0.6203125 0.4515625 0.0390625 0.046875
0 0.5765625 0.38671875 0.0546875 0.0359375
5 0.6484375 0.39140625 0.0640625 0.046875
6 0.51796875 0.38984375 0.034375 0.021875
6 0.52109375 0.51796875 0.0234375 0.0359375
6 0.55390625 0.5203125 0.025 0.040625
6 0.58515625 0.5171875 0.028125 0.03125
6 0.61953125 0.51640625 0.025 0.034375
0 0.66640625 0.51875 0.0484375 0.028125
2 0.66640625 0.48125 0.053125 0.0390625
2 0.59921875 0.41015625 0.01875 0.0109375
3 0.59296875 0.57421875 0.1859375 0.06875
2 0.31015625 0.41328125 0.03125 0.0109375
2 0.721875 0.50859375 0.0578125 0.059375
4 0.76796875 0.51015625 0.0328125 0.0484375
3 0.74296875 0.5734375 0.0984375 0.0765625
6 0.521875 0.48828125 0.025 0.0125
6 0.553125 0.4890625 0.025 0.01875
6 0.58515625 0.48828125 0.025 0.0125
6 0.621875 0.4890625 0.028125 0.015625
6 0.22890625 0.4921875 0.03125 0.0125
6 0.26328125 0.4921875 0.0234375 0.0125
6 0.29765625 0.49375 0.025 0.0171875
6 0.33203125 0.49296875 0.028125 0.0125