0 0.50078125 0.48828125 0.21484375 0.14140625
0 0.49765625 0.85234375 0.13984375 0.10859375
1 0.65859375 0.125 0.11875 0.05234375
6 0.45859375 0.29921875 0.10625 0.05625
6 0.29609375 0.43984375 0.12890625 0.05859375
2 0.29453125 0.51328125 0.11875 0.05625
6 0.29453125 0.58203125 0.11640625 0.05859375
6 0.68984375 0.87578125 0.1125 0.04375
6 0.66328125 0.46484375 0.04765625 0.11015625
6 0.746875 0.465625 0.04765625 0.11484375
6 0.45703125 0.65703125 0.11640625 0.05859375
7 0.31171875 0.84453125 0.12890625 0.1
1 0.69296875 0.81484375 0.11484375 0.05
2 0.53046875 0.77890625 0.05390625 0.025
6 0.40546875 0.778125 0.05 0.02265625
6 0.27734375 0.77890625 0.05234375 0.02109375