1 0.103125 0.05625 0.20234375 0.1
1 0.26232741718749997 0.0126306625 0.2642998015625 0.09799651718749999 0.46055226875 0.0993031359375 0.46153846249999997 0.0108885015625 0.26923076875 0.00958188125 0.26232741718749997 0.0126306625
1 0.5729783046875 0.0069686421875000005 0.5345167640625 0.0108885015625 0.5345167640625 0.0971254359375 0.5512820515625 0.10104529531249999 0.7268244578124999 0.0993031359375 0.731755425 0.0126306625 0.7110453640625 0.0069686421875000005 0.5729783046875 0.0069686421875000005
1 0.8984375 0.05859375 0.203125 0.1015625
1 0.09921875 0.17578125 0.19140625 0.09140625
1 0.36328125 0.18125 0.20234375 0.09609375
1 0.10234375 0.3 0.19609375 0.09609375
1 0.09921875 0.41640625 0.18515625 0.0875
1 0.36640625 0.41328125 0.20234375 0.09140625
1 0.36484375 0.29609375 0.20390625 0.08984375
1 0.63203125 0.29375 0.19375 0.08984375
1 0.8953125 0.296875 0.209375 0.090625
1 0.90078125 0.18046875 0.19765625 0.08984375
1 0.63984375 0.17890625 0.21484375 0.09140625
1 0.63671875 0.41171875 0.1875 0.08515625
1 0.9015625 0.4125 0.196875 0.096875
2 0.696875 0.690625 0.16484375 0.0625
2 0.29609375 0.89765625 0.17109375 0.06015625
2 0.68828125 0.80078125 0.16015625 0.05234375
6 0.69140625 0.61484375 0.09609375 0.02265625
6 0.64921875 0.88046875 0.10234375 0.02890625
0 0.315625 0.76953125 0.24375 0.12890625
6 0.23046875 0.01875 0.03125 0.02265625
6 0.23203125 0.059375 0.02265625 0.02265625
6 0.76953125 0.02578125 0.03515625 0.01875
6 0.22734375 0.13359375 0.02265625 0.025
6 0.22890625 0.17421875 0.02890625 0.02265625
6 0.50078125 0.159375 0.03359375 0.02109375
6 0.50625 0.04296875 0.04765625 0.02265625
6 0.76640625 0.13984375 0.02734375 0.02109375
6 0.76328125 0.25390625 0.03359375 0.03125
6 0.49921875 0.27578125 0.0375 0.02265625
6 0.23046875 0.25625 0.04375 0.02890625
6 0.22890625 0.29765625 0.03359375 0.025
6 0.23125 0.36953125 0.025 0.01640625
6 0.22734375 0.415625 0.02890625 0.02734375
6 0.5 0.39765625 0.03125 0.03125
6 0.76484375 0.38125 0.02734375 0.02890625
6 0.484375 0.75234375 0.03125 0.01875
6 0.48671875 0.79140625 0.03125 0.02109375
2 0.228125 0.10078125 0.01875 0.02265625
2 0.49765625 0.075 0.02265625 0.01640625
2 0.76484375 0.059375 0.02734375 0.01875
2 0.76640625 0.09609375 0.03125 0.01875
2 0.49765625 0.19296875 0.02734375 0.01875
2 0.76484375 0.17734375 0.02734375 0.01875
2 0.7625 0.21015625 0.02734375 0.02109375
2 0.23046875 0.21484375 0.02109375 0.01640625
2 0.49453125 0.309375 0.025 0.025
2 0.76328125 0.296875 0.02890625 0.02265625
2 0.76015625 0.32890625 0.03515625 0.01875
2 0.22578125 0.33671875 0.03125 0.02265625
2 0.5 0.43046875 0.02734375 0.01875
2 0.76484375 0.415625 0.02265625 0.02109375
2 0.76171875 0.44921875 0.02890625 0.02265625
2 0.23359375 0.45234375 0.025 0.02109375