2 0.06640625 0.16953125 0.07265625 0.11015625
2 0.153125 0.16640625 0.0625 0.10234375
2 0.23515625 0.21640625 0.03125 0.0625
2 0.34765625 0.47890625 0.04140625 0.05234375
2 0.44140625 0.49140625 0.08515625 0.03125
2 0.55390625 0.49375 0.07109375 0.02265625
2 0.70123456875 0.5858676203125001 0.63580246875 0.5330948125 0.6049382703124999 0.5500894453125 0.6703703703125 0.6046511625 0.70123456875 0.5858676203125001
2 0.8049382703125 0.62880143125 0.8037037046875 0.5992844374999999 0.7074074078125 0.5992844374999999 0.70987654375 0.63148479375 0.8049382703125 0.62880143125
2 0.8049382703125 0.6699463328124999 0.7962962953125 0.6410256421875 0.7139917687499999 0.6454979125 0.70987654375 0.6726296953124999 0.8049382703125 0.6699463328124999
2 0.7950617296875 0.71288014375 0.791358025 0.6869409671875 0.6950617296875 0.6869409671875 0.6975308640625 0.7173524140625 0.7950617296875 0.71288014375
2 0.79012345625 0.7576028625 0.7864197515625 0.7280858671875 0.691358025 0.7289803234375001 0.69012345625 0.7584973171875 0.79012345625 0.7576028625
2 0.30740740781250003 0.60822898125 0.3111111109375 0.535778175 0.2703703703125 0.5366726296875 0.2691358015625 0.6055456171875 0.30740740781250003 0.60822898125
6 0.25555555625 0.33810375625 0.25925925781250003 0.27101967656250003 0.21728394999999998 0.26923076875 0.2148148140625 0.33363148593749997 0.25555555625 0.33810375625
0 0.11328125 0.32578125 0.18984375 0.15234375
0 0.11484375 0.52890625 0.18359375 0.15
0 0.89921875 0.30625 0.18984375 0.1375
0 0.89453125 0.50625 0.18515625 0.14609375
6 0.06875 0.68671875 0.06015625 0.07890625
6 0.15390625 0.66484375 0.02890625 0.0375
6 0.15703125 0.74296875 0.03515625 0.05234375
6 0.18828125 0.809375 0.08515625 0.02734375
1 0.309375 0.81328125 0.08125 0.02265625
6 0.94921875 0.65625 0.06640625 0.07890625
6 0.85 0.640625 0.03359375 0.03515625
6 0.846875 0.72734375 0.03515625 0.04375
2 0.765625 0.19296875 0.0375 0.0375
6 0.76953125 0.28203125 0.03359375 0.06015625
6 0.76796875 0.36875 0.04140625 0.05234375
6 0.77265625 0.45390625 0.03125 0.05234375
6 0.77109375 0.54765625 0.03125 0.04375
0 0.49375 0.68359375 0.3125 0.22265625
2 0.5308641984375 0.8434704828124999 0.60123456875 0.8944543828124999 0.6320987640625 0.87388193125 0.5641975312499999 0.8211091234375001 0.53580246875 0.8363148484374999 0.5308641984375 0.8434704828124999
6 0.79012345625 0.7969588546875 0.7864197515625 0.7710196765624999 0.6925925921875 0.76923076875 0.69012345625 0.7996422187500001 0.79012345625 0.7969588546875
6 0.79012345625 0.83810375625 0.7864197515625 0.8103756703125 0.69012345625 0.8121645796875001 0.69012345625 0.8407871203124999 0.79012345625 0.83810375625
2 0.19135802500000001 0.6940966015625001 0.27777777656249997 0.6940966015625001 0.2864197515625 0.6878354203125 0.27777777656249997 0.66189624375 0.1888888890625 0.66189624375 0.19135802500000001 0.6940966015625001
2 0.1888888890625 0.6547406078125 0.2432098765625 0.6601073359375 0.28395061718750003 0.6484794265625 0.28271605 0.6243291578125 0.1888888890625 0.6243291578125 0.1888888890625 0.6547406078125
6 0.2148148140625 0.4230769234375 0.2506172828125 0.4293381046875 0.25925925781250003 0.4212880140625 0.25925925781250003 0.3604651171875 0.21728394999999998 0.3586762078125 0.2148148140625 0.4230769234375
6 0.25555555625 0.5187835421875 0.25679012343749996 0.4481216453125 0.21728394999999998 0.4481216453125 0.2148148140625 0.5143112703125 0.25555555625 0.5187835421875
6 0.21728394999999998 0.6055456171875 0.25308641875000004 0.6100178890625 0.2617283953125 0.6055456171875 0.2617283953125 0.5375670828125 0.2197530859375 0.5375670828125 0.21728394999999998 0.6055456171875