3 0.32421875 0.31171875 0.3 0.19765625
4 0.46328125 0.40703125 0.06484375 0.07265625
4 0.36796875 0.46875 0.07109375 0.05625
2 0.20078125 0.51796875 0.06015625 0.0625
2 0.74765625 0.34296875 0.05625 0.0375
2 0.72109375 0.31640625 0.0375 0.025
6 0.70859375 0.30234375 0.04375 0.02734375
6 0.67890625 0.278125 0.04140625 0.03359375
6 0.29609375 0.53046875 0.0375 0.04375
6 0.42578125 0.65234375 0.04140625 0.05
0 0.24296875 0.57421875 0.10234375 0.09765625
0 0.77578125 0.39921875 0.11015625 0.0875
3 0.34765625 0.65859375 0.12734375 0.15859375
1 0.48125 0.72421875 0.05234375 0.0625