4 0.890625 0.10078125 0.1375 0.14609375
2 0.35546875 0.04140625 0.0734375 0.0828125
2 0.62890625 0.23828125 0.075 0.06015625
0 0.49609375 0.11953125 0.15625 0.10234375
7 0.28984375 0.275 0.09609375 0.07890625
7 0.2875 0.40390625 0.10390625 0.08515625
7 0.31015625 0.53828125 0.08125 0.06640625
7 0.32265625 0.67265625 0.1 0.06640625
7 0.31328125 0.80546875 0.10234375 0.07109375
7 0.30703125 0.93359375 0.10859375 0.075
6 0.46953125 0.33984375 0.07734375 0.05390625
6 0.465625 0.44296875 0.06640625 0.0625
6 0.46640625 0.56328125 0.06484375 0.06484375
6 0.459375 0.69375 0.07109375 0.06875
6 0.47578125 0.81328125 0.06875 0.05390625
6 0.48359375 0.93984375 0.0625 0.06640625
6 0.71875 0.190625 0.09375 0.04140625