3 0.19765625 0.82578125 0.22265625 0.23359375
3 0.5375 0.84140625 0.225 0.25625
3 0.87578125 0.84296875 0.22265625 0.24765625
7 0.81015625 0.42734375 0.13125 0.15625
1 0.58671875 0.271875 0.17890625 0.2
0 0.37890625 0.39921875 0.11875 0.10859375
6 0.80859375 0.25234375 0.10625 0.05234375
6 0.60390625 0.471875 0.08515625 0.03984375
6 0.48515625 0.54375 0.03984375 0.09765625
6 0.18828125 0.25078125 0.08515625 0.05
6 0.19609375 0.30703125 0.08515625 0.04375
6 0.18984375 0.371875 0.06640625 0.03359375
6 0.190625 0.428125 0.08515625 0.05
6 0.18671875 0.48984375 0.08515625 0.05
6 0.18515625 0.55703125 0.08515625 0.05234375