3 0.490625 0.19765625 0.715625 0.3953125
0 0.490625 0.64765625 0.371875 0.175
1 0.21640625 0.93671875 0.1125 0.025
6 0.76171875 0.77265625 0.06875 0.0203125
6 0.759375 0.6609375 0.04375 0.015625
6 0.7625 0.7984375 0.065625 0.0203125
6 0.76953125 0.92421875 0.096875 0.0296875
6 0.2140625 0.7828125 0.065625 0.0171875
6 0.20546875 0.809375 0.075 0.0203125
6 0.20546875 0.61484375 0.0421875 0.0125
6 0.25703125 0.55625 0.065625 0.0140625
6 0.653125 0.4984375 0.0359375 0.0359375
6 0.52265625 0.49609375 0.03125 0.034375
6 0.46484375 0.5 0.034375 0.0296875
6 0.40390625 0.50078125 0.040625 0.034375
6 0.34140625 0.50078125 0.03125 0.025
2 0.809375 0.525 0.0484375 0.0171875
2 0.778125 0.61328125 0.05 0.0140625
2 0.2046875 0.59609375 0.053125 0.015625
2 0.20703125 0.68359375 0.05 0.0203125
2 0.20390625 0.715625 0.05 0.0140625
2 0.759375 0.70390625 0.053125 0.0171875
2 0.7578125 0.70546875 0.0671875 0.0140625
2 0.56640625 0.7515625 0.0609375 0.0140625