1 0.80234375 0.8875 0.16015625 0.0375
1 0.80703125 0.815625 0.15 0.04609375
1 0.8 0.73828125 0.16484375 0.04140625
1 0.809375 0.67578125 0.125 0.0375
1 0.815625 0.615625 0.15625 0.03359375
1 0.809375 0.56015625 0.11484375 0.04375
1 0.80078125 0.49921875 0.11875 0.0375
1 0.81953125 0.45234375 0.125 0.03515625
1 0.81171875 0.40234375 0.11875 0.03984375
1 0.83125 0.36015625 0.14765625 0.0375
1 0.82890625 0.31484375 0.09375 0.04140625
1 0.80625 0.26796875 0.11875 0.03125
1 0.81328125 0.22265625 0.10234375 0.03125
1 0.81171875 0.184375 0.10859375 0.03359375
1 0.82890625 0.034375 0.09375 0.03359375
1 0.83203125 0.07109375 0.1125 0.02890625
1 0.809375 0.10625 0.11484375 0.03125
1 0.80625 0.13828125 0.11875 0.03125