5 0.50078125 0.20625 0.48359375 0.3375
0 0.63125 0.51015625 0.13359375 0.06484375
0 0.634375 0.62265625 0.13359375 0.06015625
0 0.503125 0.89765625 0.14375 0.07109375
7 0.31796875 0.90234375 0.09765625 0.06875
6 0.690625 0.921875 0.0875 0.04140625
1 0.69296875 0.87578125 0.10625 0.03359375
6 0.459375 0.76015625 0.09765625 0.03515625
6 0.28515625 0.85 0.0625 0.01875
6 0.4 0.85078125 0.04765625 0.01640625
6 0.740625 0.79921875 0.05859375 0.01640625
6 0.73203125 0.73203125 0.05625 0.02109375
6 0.73046875 0.57578125 0.03125 0.03359375
2 0.73984375 0.51484375 0.03515625 0.03125
2 0.73125 0.62734375 0.02890625 0.02890625
2 0.53671875 0.85078125 0.05859375 0.01484375