4 0.809375 0.3078125 0.1203125 0.0546875
4 0.5421875 0.26015625 0.140625 0.0640625
4 0.27109375 0.21484375 0.1234375 0.0546875
3 0.84765625 0.1328125 0.265625 0.1953125
3 0.5734375 0.08828125 0.26875 0.1765625
3 0.30625 0.06484375 0.278125 0.1296875
6 0.4828125 0.78984375 0.0984375 0.0515625
6 0.49921875 0.93359375 0.0828125 0.04375
6 0.2640625 0.56015625 0.0828125 0.04375
6 0.8671875 0.396875 0.078125 0.040625
6 0.19765625 0.27578125 0.0828125 0.0390625
0 0.509375 0.4640625 0.365625 0.2046875
2 0.7421875 0.371875 0.06875 0.034375
2 0.52890625 0.33359375 0.08125 0.0328125
2 0.31328125 0.30234375 0.0703125 0.0390625
1 0.35078125 0.91171875 0.0984375 0.065625