3 0.496875 0.1125 0.57109375 0.225
1 0.10390625 0.06484375 0.05859375 0.04765625
1 0.90390625 0.06171875 0.05625 0.04609375
6 0.10625 0.128125 0.04140625 0.03515625
6 0.90703125 0.13203125 0.05390625 0.04609375
6 0.39375 0.38359375 0.08515625 0.01640625
6 0.503125 0.38203125 0.06484375 0.01640625
6 0.62890625 0.38359375 0.07109375 0.01875
6 0.065625 0.48125 0.04765625 0.04375
6 0.178125 0.48203125 0.05 0.03515625
6 0.45703125 0.57890625 0.02109375 0.02109375
6 0.50859375 0.57578125 0.02890625 0.02109375
6 0.55703125 0.575 0.03125 0.02265625
6 0.61875 0.67578125 0.09140625 0.02890625
6 0.628125 0.71640625 0.08125 0.02734375
6 0.625 0.80703125 0.07890625 0.02109375
6 0.615625 0.853125 0.08125 0.025
6 0.31328125 0.853125 0.0875 0.02265625
6 0.42890625 0.940625 0.08125 0.02734375
2 0.30390625 0.44765625 0.09765625 0.025
2 0.32578125 0.475 0.05390625 0.01015625
1 0.58359375 0.94296875 0.09609375 0.03125
3 0.04921875 0.78671875 0.09765625 0.37265625
3 0.95703125 0.78671875 0.08515625 0.36875