0 0.5390625 0.178125 0.921875 0.315625
2 0.4796875 0.86328125 0.153125 0.1390625
2 0.28203125 0.47578125 0.1140625 0.05
2 0.54453125 0.51875 0.1140625 0.0546875
2 0.7375 0.54296875 0.121875 0.0625
2 0.725 0.6046875 0.09375 0.046875
2 0.53515625 0.58125 0.1 0.053125
2 0.7078125 0.72578125 0.1125 0.0546875
2 0.69765625 0.78359375 0.1140625 0.0546875
6 0.68359375 0.8484375 0.1125 0.0375
6 0.17734375 0.77578125 0.1359375 0.046875
6 0.18828125 0.8359375 0.096875 0.040625
1 0.671875 0.93125 0.1140625 0.0484375
6 0.2671875 0.534375 0.1390625 0.0515625
6 0.51171875 0.6375 0.1125 0.0484375
6 0.7046875 0.65703125 0.1 0.0421875
6 0.49453125 0.6953125 0.1328125 0.0703125