3 0.8984375 0.4703125 0.203125 0.525
3 0.72890625 0.92265625 0.20234375 0.15390625
1 0.16796875 0.24921875 0.09609375 0.10625
1 0.16953125 0.409375 0.10625 0.10390625
0 0.50703125 0.50625 0.1625 0.31640625
0 0.20625 0.59609375 0.075 0.13359375
0 0.209375 0.778125 0.06875 0.12890625
0 0.36875 0.75 0.08359375 0.14765625
2 0.70546875 0.61015625 0.07734375 0.075
2 0.703125 0.74921875 0.06875 0.06640625
2 0.71640625 0.47109375 0.03984375 0.03515625
2 0.36484375 0.47109375 0.0375 0.03984375
2 0.41796875 0.28984375 0.03515625 0.0375
6 0.29140625 0.23359375 0.04609375 0.04140625
6 0.290625 0.34453125 0.04375 0.04140625
2 0.63046875 0.075 0.01875 0.06875
6 0.128125 0.59140625 0.02265625 0.075
6 0.12890625 0.78828125 0.02734375 0.09375
6 0.29140625 0.75234375 0.02265625 0.09375
6 0.71484375 0.35390625 0.05390625 0.04375
6 0.71484375 0.24609375 0.04765625 0.04140625
6 0.41640625 0.19140625 0.03515625 0.04765625
6 0.71328125 0.13984375 0.0375 0.0375
6 0.71171875 0.040625 0.03984375 0.03515625