5 0.12265625 0.18515625 0.19609375 0.28125
0 0.27734375 0.64921875 0.15625 0.26484375
6 0.08671875 0.578125 0.08984375 0.07890625
6 0.090625 0.71484375 0.08359375 0.09375
6 0.08515625 0.84921875 0.08984375 0.08359375
6 0.29375 0.34609375 0.08984375 0.0875
6 0.27734375 0.14453125 0.05 0.15390625
6 0.35625 0.15703125 0.05390625 0.16875
6 0.4375 0.146875 0.05 0.1625
6 0.51640625 0.146875 0.05390625 0.15859375
6 0.603125 0.14375 0.05234375 0.175
6 0.684375 0.15 0.05625 0.175
2 0.78984375 0.21015625 0.13984375 0.33359375
2 0.78359375 0.68984375 0.125 0.39140625
6 0.28984375 0.86015625 0.10390625 0.09375
2 0.29375 0.459375 0.08515625 0.07734375
2 0.08828125 0.43671875 0.08984375 0.09140625