3 0.2890625 0.35234375 0.334375 0.25625
4 0.44453125 0.41640625 0.078125 0.084375
4 0.3640625 0.496875 0.08125 0.0703125
2 0.2109375 0.5796875 0.071875 0.0734375
2 0.709375 0.29453125 0.0625 0.0484375
2 0.678125 0.27421875 0.0421875 0.0328125
6 0.66328125 0.26328125 0.0484375 0.0359375
6 0.62890625 0.24609375 0.046875 0.0421875
6 0.30703125 0.571875 0.0453125 0.05
6 0.459375 0.6640625 0.0515625 0.0578125
0 0.2640625 0.62578125 0.1203125 0.1171875
0 0.7484375 0.34375 0.1265625 0.1078125
3 0.38359375 0.68671875 0.1578125 0.18125
1 0.528125 0.7234375 0.0640625 0.071875