3 0.13984375 0.38671875 0.09765625 0.22265625
3 0.14765625 0.13203125 0.10234375 0.21875
3 0.91796875 0.23984375 0.00625 0.00390625
3 0.84296875 0.12734375 0.09375 0.225
3 0.85546875 0.38046875 0.1125 0.21640625
0 0.509375 0.59375 0.27109375 0.1125
0 0.50625 0.87109375 0.12109375 0.05
6 0.42421875 0.93828125 0.07890625 0.02734375
1 0.57890625 0.940625 0.09609375 0.03125
6 0.66640625 0.8875 0.0625 0.0125
6 0.29921875 0.76015625 0.10234375 0.02890625
6 0.70625 0.734375 0.0875 0.025
6 0.71015625 0.78125 0.0875 0.02890625
6 0.6875 0.86328125 0.025 0.025
6 0.4625 0.69140625 0.05390625 0.0125
6 0.39140625 0.69296875 0.04765625 0.0125
6 0.70703125 0.60703125 0.04609375 0.0125
6 0.70625 0.58515625 0.04765625 0.0125
6 0.70703125 0.56328125 0.05 0.01484375
6 0.709375 0.51484375 0.05234375 0.01015625
6 0.54765625 0.49765625 0.04609375 0.01484375
6 0.46875 0.496875 0.05390625 0.01015625
2 0.64765625 0.86171875 0.03359375 0.02109375
2 0.60859375 0.859375 0.025 0.025
2 0.39453125 0.859375 0.02109375 0.02265625
2 0.35546875 0.859375 0.03359375 0.025
2 0.70625 0.64765625 0.04609375 0.0125