3 0.23203125 0.27109375 0.3875 0.1515625
3 0.615625 0.203125 0.375 0.1515625
7 0.13203125 0.665625 0.0453125 0.040625
7 0.3296875 0.628125 0.0515625 0.0421875
7 0.52109375 0.59765625 0.04375 0.04375
7 0.71796875 0.5625 0.059375 0.046875
4 0.18671875 0.61484375 0.0828125 0.053125
4 0.38828125 0.58046875 0.0734375 0.0453125
4 0.571875 0.5484375 0.075 0.04375
4 0.76796875 0.5125 0.0765625 0.0390625
1 0.3046875 0.79140625 0.0546875 0.0359375
1 0.38359375 0.775 0.05625 0.040625
1 0.4625 0.7609375 0.05 0.0296875
1 0.55 0.7484375 0.0546875 0.0359375
3 0.76484375 0.703125 0.2 0.0734375
3 0.90546875 0.56875 0.053125 0.0890625
0 0.228125 0.70546875 0.0796875 0.1171875
0 0.44140625 0.67265625 0.0796875 0.1171875
0 0.63125 0.63671875 0.0765625 0.1109375
0 0.8375 0.6015625 0.08125 0.1234375
6 0.1421875 0.721875 0.0625 0.040625
6 0.14609375 0.76015625 0.0609375 0.0328125
6 0.35390625 0.68203125 0.0578125 0.0375
6 0.3609375 0.7171875 0.0609375 0.0375
6 0.53984375 0.64921875 0.065625 0.0453125
6 0.54296875 0.68359375 0.065625 0.0375
6 0.7359375 0.6171875 0.0640625 0.0375
6 0.73828125 0.65078125 0.065625 0.0359375