0 0.85546875 0.41484375 0.08125 0.09609375
0 0.85703125 0.57578125 0.07109375 0.08125
4 0.64296875 0.41875 0.02734375 0.06640625
2 0.85078125 0.48515625 0.04609375 0.02734375
2 0.85234375 0.51953125 0.06640625 0.02890625
6 0.684375 0.415625 0.02109375 0.0625
6 0.721875 0.41640625 0.02109375 0.05859375
6 0.75859375 0.41640625 0.02890625 0.06015625
6 0.653125 0.49375 0.04765625 0.03125
6 0.74375 0.4875 0.05859375 0.02890625
6 0.940625 0.41484375 0.02890625 0.08125
6 0.94453125 0.58359375 0.04375 0.07734375