3 0.40078125 0.09609375 0.25625 0.1859375
0 0.69140625 0.3515625 0.1796875 0.1203125
0 0.26796875 0.440625 0.259375 0.1515625
0 0.54453125 0.74921875 0.290625 0.16875
1 0.43359375 0.925 0.1078125 0.0578125
6 0.71328125 0.859375 0.0984375 0.05
2 0.72421875 0.64296875 0.05625 0.059375
2 0.33515625 0.72734375 0.0765625 0.071875
2 0.62734375 0.49609375 0.065625 0.06875
2 0.37265625 0.5515625 0.0640625 0.075
6 0.50234375 0.52109375 0.0546875 0.0671875
6 0.6109375 0.5859375 0.103125 0.0484375
6 0.43203125 0.62890625 0.09375 0.04375