3 0.1328125 0.37109375 0.215625 0.125
3 0.0921875 0.61875 0.0953125 0.1265625
2 0.309375 0.3609375 0.1109375 0.1171875
2 0.42421875 0.3546875 0.1234375 0.1328125
0 0.33671875 0.50625 0.140625 0.1125
1 0.47109375 0.4421875 0.025 0.0515625
2 0.22421875 0.44765625 0.040625 0.021875
2 0.225 0.471875 0.0359375 0.01875
2 0.22734375 0.49609375 0.0296875 0.0203125
2 0.196875 0.56796875 0.0171875 0.0296875
2 0.24453125 0.56484375 0.0171875 0.028125
2 0.334375 0.603125 0.01875 0.0328125
2 0.37421875 0.61484375 0.0328125 0.01875
6 0.4265625 0.4328125 0.0296875 0.0203125
6 0.22265625 0.565625 0.0140625 0.0265625
6 0.3078125 0.6046875 0.0171875 0.028125
6 0.3765625 0.5875 0.028125 0.0203125