7 0.728125 0.134375 0.1078125 0.1421875
7 0.7046875 0.31640625 0.0796875 0.1109375
7 0.48359375 0.09921875 0.0734375 0.1109375
7 0.46875 0.28125 0.071875 0.1109375
7 0.6796875 0.54765625 0.06875 0.1125
7 0.43515625 0.509375 0.0859375 0.121875
7 0.64921875 0.721875 0.06875 0.1125
7 0.40234375 0.6828125 0.0734375 0.134375
7 0.61015625 0.9421875 0.0703125 0.115625
7 0.36875 0.91015625 0.0671875 0.11875
6 0.23125 0.07109375 0.084375 0.0546875
6 0.21640625 0.2578125 0.065625 0.05
6 0.17890625 0.4640625 0.0671875 0.0578125
6 0.16171875 0.6359375 0.0875 0.0625
6 0.14375 0.76328125 0.0921875 0.0765625
2 0.11875 0.8921875 0.0890625 0.075
2 0.7859375 0.83125 0.1140625 0.08125