0 0.4203125 0.2640625 0.121875 0.1859375
3 0.209375 0.3734375 0.2 0.1640625
3 0.7828125 0.4296875 0.2203125 0.1921875
3 0.465625 0.83046875 0.1953125 0.18125
2 0.2 0.225 0.01875 0.0265625
2 0.31015625 0.23984375 0.0140625 0.0265625
2 0.2265625 0.23046875 0.015625 0.0328125
2 0.27109375 0.2390625 0.034375 0.01875
2 0.26953125 0.26640625 0.0296875 0.0171875
2 0.26875 0.2859375 0.0296875 0.0171875
2 0.3296875 0.30078125 0.0171875 0.028125
2 0.53046875 0.2984375 0.0390625 0.021875
6 0.58125 0.30078125 0.0328125 0.01875
7 0.48359375 0.578125 0.05625 0.0421875
2 0.54453125 0.5640625 0.0515625 0.0265625
7 0.45390625 0.7125 0.0578125 0.05625
2 0.40703125 0.6296875 0.025 0.0390625
2 0.403125 0.68671875 0.025 0.0453125
2 0.55 0.71171875 0.0484375 0.025
2 0.54453125 0.74296875 0.0453125 0.0265625
6 0.440625 0.5703125 0.01875 0.0328125
2 0.54140625 0.59453125 0.0515625 0.025
6 0.49921875 0.71640625 0.021875 0.0453125