1 0.88671875 0.3859375 0.1609375 0.1328125
1 0.77265625 0.3125 0.1671875 0.14375
1 0.6234375 0.209375 0.1734375 0.1546875
1 0.49453125 0.13828125 0.171875 0.1640625
1 0.5375 0.8125 0.1859375 0.1640625
1 0.4109375 0.72890625 0.1734375 0.19375
1 0.2453125 0.62578125 0.15625 0.1671875
1 0.12734375 0.54765625 0.18125 0.196875
2 0.24140625 0.5296875 0.0609375 0.0546875
2 0.52578125 0.71953125 0.0875 0.0609375
2 0.7734375 0.4140625 0.0578125 0.059375
2 0.49765625 0.2359375 0.0578125 0.059375
7 0.6859375 0.4171875 0.084375 0.0859375