3 0.70546875 0.203125 0.4375 0.2703125
3 0.27734375 0.2 0.4265625 0.2703125
3 0.4453125 0.403125 0.2046875 0.0625
3 0.4421875 0.4765625 0.2328125 0.0671875
3 0.4359375 0.53984375 0.2234375 0.0703125
6 0.6953125 0.40703125 0.115625 0.0359375
6 0.6890625 0.453125 0.1109375 0.0375
6 0.684375 0.503125 0.121875 0.0375
6 0.68046875 0.55 0.11875 0.0359375
6 0.22578125 0.6109375 0.13125 0.0453125
6 0.2171875 0.7046875 0.121875 0.0453125
2 0.72109375 0.6859375 0.0796875 0.078125
6 0.565625 0.89453125 0.1296875 0.0453125
6 0.40234375 0.87421875 0.0828125 0.0796875
1 0.21796875 0.8734375 0.178125 0.084375
0 0.47578125 0.66796875 0.2859375 0.134375