4 0.5875 0.21015625 0.0734375 0.084375
7 0.27265625 0.28125 0.0625 0.0546875
7 0.0609375 0.25625 0.0640625 0.0578125
7 0.434375 0.396875 0.0578125 0.0515625
6 0.61484375 0.07734375 0.0765625 0.084375
6 0.06796875 0.15 0.040625 0.025
6 0.12265625 0.20625 0.0328125 0.0453125
6 0.165625 0.21015625 0.03125 0.040625
6 0.2109375 0.2140625 0.04375 0.0453125
6 0.253125 0.2203125 0.034375 0.046875
6 0.159375 0.275 0.034375 0.0515625
6 0.20546875 0.28203125 0.0421875 0.0484375
6 0.378125 0.353125 0.034375 0.04375
6 0.478125 0.28125 0.0546875 0.0296875
6 0.478125 0.325 0.053125 0.0328125
6 0.496875 0.41328125 0.03125 0.040625
6 0.50625 0.465625 0.0453125 0.021875
6 0.465625 0.490625 0.0375 0.021875
6 0.4328125 0.43828125 0.0546875 0.0296875
2 0.275 0.10625 0.0328125 0.0453125
0 0.165625 0.06328125 0.215625 0.1265625
3 0.721875 0.296875 0.2859375 0.4125