3 0.82265625 0.384375 0.05 0.053125
1 0.446875 0.40234375 0.0296875 0.0296875
1 0.50078125 0.378125 0.0296875 0.0328125
1 0.5609375 0.34609375 0.034375 0.0328125
1 0.61484375 0.3171875 0.0328125 0.0359375
1 0.67421875 0.29375 0.0265625 0.034375
1 0.73203125 0.2671875 0.0328125 0.0359375
1 0.78984375 0.24609375 0.04375 0.0421875
1 0.840625 0.2203125 0.0421875 0.04375
1 0.89921875 0.19765625 0.0375 0.0375
3 0.41796875 0.31953125 0.0859375 0.0859375
3 0.4765625 0.28984375 0.071875 0.078125
3 0.5359375 0.2671875 0.078125 0.090625
3 0.590625 0.240625 0.084375 0.084375
3 0.646875 0.2171875 0.090625 0.0953125
3 0.7109375 0.1890625 0.071875 0.0984375
3 0.76953125 0.1671875 0.0875 0.0984375
3 0.82265625 0.1375 0.08125 0.09375
3 0.8734375 0.11328125 0.0953125 0.1015625