7 0.51640625 0.16953125 0.09375 0.24375
7 0.43984375 0.74140625 0.14140625 0.19765625
7 0.609375 0.73828125 0.13359375 0.225
6 0.26484375 0.0625 0.09375 0.11015625
6 0.26875 0.209375 0.1 0.10625
6 0.84765625 0.20859375 0.14609375 0.21484375
6 0.684375 0.375 0.0625 0.18515625
6 0.81484375 0.65390625 0.05625 0.16640625
6 0.9 0.65390625 0.06015625 0.15859375
6 0.89765625 0.87734375 0.06484375 0.17109375
6 0.80625 0.884375 0.05859375 0.16875
6 0.24609375 0.925 0.10390625 0.12109375
2 0.49140625 0.38125 0.10390625 0.1125
2 0.403125 0.52578125 0.05 0.0625
6 0.85234375 0.42265625 0.15859375 0.15390625