7 0.28125 0.15859375 0.14140625 0.30625
7 0.46875 0.1625 0.15859375 0.29609375
7 0.665625 0.1625 0.14140625 0.27265625
7 0.65390625 0.509375 0.13359375 0.30390625
7 0.45859375 0.53203125 0.10390625 0.3
7 0.21328125 0.52890625 0.13515625 0.3
6 0.33984375 0.48828125 0.04140625 0.14765625
6 0.521875 0.846875 0.0625 0.075
6 0.62265625 0.84609375 0.075 0.08984375
2 0.61875 0.96171875 0.07109375 0.07265625
2 0.52734375 0.95625 0.06640625 0.0625
2 0.43515625 0.92578125 0.05 0.14765625
2 0.35234375 0.92109375 0.08984375 0.15625
2 0.7125 0.9296875 0.05 0.140625