0 0.49921875 0.175 0.91484375 0.18984375
2 0.53046875 0.8625 0.1375 0.12109375
2 0.28046875 0.50625 0.11015625 0.03515625
2 0.546875 0.5125 0.11015625 0.03984375
2 0.74140625 0.509375 0.11640625 0.04609375
2 0.7375 0.57265625 0.08984375 0.03515625
2 0.54609375 0.57578125 0.09609375 0.03984375
2 0.7375 0.69453125 0.10859375 0.03984375
2 0.73515625 0.753125 0.11015625 0.03984375
6 0.73046875 0.81953125 0.11015625 0.02265625
6 0.21875 0.81796875 0.13359375 0.02890625
6 0.23828125 0.87578125 0.09375 0.02734375
1 0.73046875 0.903125 0.11015625 0.03359375
6 0.27421875 0.56640625 0.13515625 0.03359375
6 0.53046875 0.634375 0.10859375 0.03359375
6 0.72421875 0.62734375 0.09765625 0.02890625
6 0.521875 0.69453125 0.12734375 0.05234375