3 0.17421875 0.19453125 0.2859375 0.296875
3 0.11015625 0.68671875 0.2203125 0.2890625
3 0.88671875 0.82109375 0.1578125 0.2328125
3 0.94921875 0.35 0.1015625 0.225
1 0.77265625 0.178125 0.0953125 0.0734375
1 0.76171875 0.2484375 0.096875 0.0703125
1 0.7375 0.34140625 0.1015625 0.075
1 0.7265625 0.4296875 0.0890625 0.0625
1 0.72890625 0.725 0.053125 0.0390625
1 0.7203125 0.771875 0.053125 0.0421875
1 0.71171875 0.81484375 0.053125 0.034375
1 0.70703125 0.859375 0.0578125 0.040625
6 0.6703125 0.715625 0.0453125 0.0359375
6 0.66328125 0.76171875 0.0484375 0.0390625
6 0.65703125 0.80078125 0.053125 0.0390625
6 0.64609375 0.85078125 0.053125 0.0421875
0 0.44453125 0.22421875 0.2546875 0.2859375
0 0.34296875 0.72109375 0.2328125 0.296875