0 0.48828125 0.33203125 0.23125 0.1375
6 0.621875 0.75546875 0.1015625 0.053125
6 0.621875 0.690625 0.103125 0.0453125
6 0.61171875 0.6328125 0.1015625 0.046875
6 0.2984375 0.6375 0.0984375 0.04375
6 0.20625 0.8421875 0.0453125 0.0921875
6 0.23828125 0.34453125 0.0953125 0.046875
6 0.74296875 0.3859375 0.1 0.0515625
6 0.73828125 0.325 0.0953125 0.046875
6 0.7328125 0.2703125 0.084375 0.040625
2 0.5703125 0.1828125 0.0703125 0.1
2 0.4109375 0.184375 0.0609375 0.0890625
1 0.3640625 0.8421875 0.1640625 0.125