3 0.89453125 0.38828125 0.0625 0.09375
3 0.84140625 0.51328125 0.16640625 0.1125
7 0.240625 0.64375 0.04609375 0.04375
7 0.41875 0.58671875 0.0375 0.03984375
7 0.58359375 0.52421875 0.04375 0.03984375
7 0.74296875 0.46640625 0.04375 0.0375
4 0.28515625 0.59375 0.04609375 0.04375
4 0.446875 0.53046875 0.05234375 0.03515625
4 0.60859375 0.47890625 0.05859375 0.04140625
4 0.759375 0.41640625 0.05 0.04375
6 0.26796875 0.68046875 0.03984375 0.03125
6 0.284375 0.71171875 0.04140625 0.03984375
6 0.43125 0.61875 0.04765625 0.03359375
6 0.45703125 0.64453125 0.03984375 0.02890625
6 0.603125 0.55703125 0.04375 0.02890625
6 0.62578125 0.58125 0.03125 0.02890625
6 0.76484375 0.49375 0.04765625 0.03359375
1 0.43359375 0.690625 0.04375 0.025
1 0.5 0.659375 0.04375 0.03125
1 0.57421875 0.63984375 0.0375 0.03515625
1 0.64140625 0.6125 0.03515625 0.03984375
0 0.34453125 0.63359375 0.08515625 0.10625
0 0.51953125 0.571875 0.08515625 0.08984375
0 0.684375 0.51171875 0.08515625 0.09765625
0 0.83828125 0.44375 0.08359375 0.08359375