1 0.75390625 0.128125 0.2 0.196875
1 0.56015625 0.140625 0.2015625 0.18125
1 0.28671875 0.04375 0.0546875 0.05
1 0.209375 0.04375 0.0578125 0.05
1 0.29140625 0.11015625 0.05 0.0578125
1 0.21015625 0.11328125 0.0578125 0.0578125
1 0.2921875 0.18203125 0.0515625 0.05
1 0.21328125 0.190625 0.0453125 0.0484375
1 0.2921875 0.2546875 0.0453125 0.0421875
1 0.215625 0.26015625 0.0609375 0.0515625
0 0.7203125 0.77890625 0.1109375 0.0875
0 0.53515625 0.78046875 0.1234375 0.1203125
0 0.3078125 0.7875 0.125 0.11875
0 0.309375 0.56953125 0.159375 0.1015625
7 0.9453125 0.27109375 0.040625 0.0453125
7 0.8984375 0.27265625 0.0375 0.0484375
7 0.85234375 0.26953125 0.040625 0.0421875
7 0.80390625 0.27421875 0.0328125 0.034375
2 0.93515625 0.3375 0.0203125 0.0296875
2 0.8078125 0.41640625 0.0234375 0.0359375
2 0.7859375 0.46875 0.0234375 0.0359375
2 0.74609375 0.68203125 0.0171875 0.0375
2 0.79375 0.759375 0.0140625 0.0296875
2 0.640625 0.7640625 0.0140625 0.0359375
2 0.42578125 0.77890625 0.015625 0.040625
2 0.4828125 0.659375 0.0140625 0.040625
2 0.39296875 0.6703125 0.021875 0.034375
6 0.9109375 0.33828125 0.0171875 0.0359375
6 0.87890625 0.34375 0.015625 0.034375
6 0.8515625 0.34453125 0.015625 0.0359375
6 0.821875 0.346875 0.0171875 0.0359375
6 0.79375 0.34921875 0.021875 0.0359375
6 0.65234375 0.6703125 0.0296875 0.0234375
6 0.7359375 0.87890625 0.015625 0.034375
6 0.50546875 0.89375 0.0203125 0.0375
6 0.42265625 0.890625 0.0140625 0.03125
6 0.38984375 0.89765625 0.0140625 0.03125
6 0.36171875 0.896875 0.0203125 0.034375
6 0.33203125 0.896875 0.0203125 0.0375
6 0.29921875 0.90078125 0.0203125 0.0375
6 0.26015625 0.9015625 0.021875 0.03125
6 0.4015625 0.30859375 0.0109375 0.034375
6 0.37421875 0.3046875 0.0140625 0.0359375
6 0.3515625 0.30859375 0.0171875 0.0296875
6 0.32734375 0.30703125 0.0140625 0.0296875
6 0.30625 0.30859375 0.0140625 0.028125
6 0.2796875 0.3109375 0.0171875 0.034375
6 0.25859375 0.309375 0.0140625 0.0296875
6 0.2390625 0.30859375 0.0203125 0.034375
6 0.21171875 0.3109375 0.0203125 0.028125
0 0.6234375 0.51796875 0.2234375 0.2296875