0 0.440625 0.08125 0.31875 0.1625
0 0.37890625 0.553125 0.5109375 0.403125
3 0.77421875 0.42890625 0.2265625 0.11875
3 0.84921875 0.17890625 0.2890625 0.2390625
2 0.18203125 0.06015625 0.109375 0.0671875
2 0.26015625 0.3046875 0.11875 0.0625
2 0.475 0.35703125 0.115625 0.06875
2 0.6625 0.78046875 0.1015625 0.0671875
6 0.86328125 0.3421875 0.0796875 0.0953125
6 0.69765625 0.6171875 0.103125 0.0609375
6 0.696875 0.67265625 0.08125 0.0515625
6 0.675 0.72578125 0.0984375 0.053125
6 0.4640625 0.88046875 0.071875 0.0890625
6 0.20703125 0.82109375 0.146875 0.078125
1 0.63671875 0.91875 0.1578125 0.1171875