3 0.39296875 0.071875 0.23125 0.14375
3 0.62421875 0.07265625 0.2171875 0.1453125
6 0.34765625 0.24375 0.06875 0.03125
6 0.496875 0.24375 0.0875 0.02734375
6 0.653125 0.24765625 0.09609375 0.03515625
6 0.4625 0.80390625 0.07890625 0.03515625
6 0.328125 0.91796875 0.09375 0.0375
0 0.50625 0.47890625 0.39375 0.23359375
2 0.35703125 0.31875 0.09140625 0.02265625
2 0.50390625 0.32109375 0.08125 0.02734375
2 0.35546875 0.678125 0.06875 0.025
2 0.35625 0.721875 0.075 0.025
2 0.62890625 0.72109375 0.07734375 0.01640625
1 0.68828125 0.91484375 0.11640625 0.03515625