7 0.7984375 0.08515625 0.175 0.140625
7 0.1421875 0.146875 0.16875 0.1234375
7 0.1625 0.34296875 0.1625 0.1234375
7 0.40546875 0.3734375 0.175 0.1359375
7 0.621875 0.33671875 0.159375 0.121875
7 0.4296875 0.5546875 0.1796875 0.1328125
7 0.65625 0.515625 0.171875 0.1234375
7 0.8421875 0.48984375 0.175 0.1171875
7 0.45234375 0.728125 0.178125 0.115625
7 0.5828125 0.9046875 0.1796875 0.125
6 0.14375 0.5015625 0.05625 0.096875
6 0.01484375 0.140625 0.0296875 0.071875
6 0.03125 0.30703125 0.0625 0.075
6 0.590625 0.69296875 0.0546875 0.090625
6 0.67890625 0.69140625 0.0609375 0.0890625
6 0.7234375 0.8921875 0.0546875 0.0890625
6 0.45078125 0.9390625 0.0578125 0.0828125
6 0.36328125 0.95703125 0.065625 0.0796875
6 0.94609375 0.39609375 0.0640625 0.0390625
2 0.8875 0.26953125 0.1765625 0.0890625