2 0.61640625 0.821875 0.11640625 0.24140625
2 0.73671875 0.76953125 0.11875 0.25625
2 0.84296875 0.715625 0.10625 0.23359375
2 0.565625 0.66328125 0.10390625 0.2125
2 0.69765625 0.60234375 0.1 0.12265625
2 0.80703125 0.53984375 0.09765625 0.1125
2 0.42265625 0.409375 0.15625 0.41875
2 0.57109375 0.19140625 0.15234375 0.125
2 0.71484375 0.13359375 0.14140625 0.13359375
2 0.575 0.43984375 0.16640625 0.32890625
2 0.728125 0.35234375 0.15390625 0.31875
2 0.87109375 0.32578125 0.14140625 0.43359375
2 0.42109375 0.653125 0.04609375 0.04765625
7 0.08046875 0.74375 0.08359375 0.10625
7 0.07265625 0.66328125 0.06875 0.06484375
2 0.21015625 0.71484375 0.03515625 0.075
0 0.35859375 0.80625 0.26484375 0.24375
2 0.1375 0.83359375 0.04609375 0.03984375
2 0.146875 0.84609375 0.0375 0.03984375
2 0.159375 0.87421875 0.04375 0.0375
2 0.17734375 0.89921875 0.04140625 0.03515625
2 0.19296875 0.925 0.04765625 0.03984375
2 0.21171875 0.94921875 0.05234375 0.03359375
2 0.215625 0.978125 0.04609375 0.04375