2 0.16015625 0.128125 0.2359375 0.25625
2 0.21875 0.7109375 0.1578125 0.084375
2 0.0953125 0.8984375 0.0875 0.0546875
7 0.5828125 0.20078125 0.125 0.1140625
7 0.64921875 0.38515625 0.1375 0.1078125
7 0.2984375 0.51484375 0.121875 0.1015625
7 0.44765625 0.5265625 0.1171875 0.09375
7 0.63125 0.5453125 0.14375 0.0953125
7 0.43515625 0.69609375 0.153125 0.1
7 0.6109375 0.709375 0.134375 0.09375
7 0.25625 0.8953125 0.1390625 0.1015625
7 0.7953125 0.7828125 0.13125 0.0921875
7 0.78125 0.959375 0.11875 0.08125
6 0.2109375 0.584375 0.05625 0.0359375
6 0.47109375 0.178125 0.0484375 0.084375
6 0.4671875 0.3625 0.040625 0.06875
6 0.5328125 0.37421875 0.0375 0.0734375
6 0.68828125 0.18671875 0.0421875 0.065625
6 0.7546875 0.196875 0.0421875 0.0796875
6 0.84609375 0.6421875 0.046875 0.09375
6 0.89375 0.8390625 0.0453125 0.065625
6 0.8796875 0.9765625 0.046875 0.046875