6 0.27734375 0.115625 0.1125 0.0328125
6 0.78984375 0.16875 0.1078125 0.0328125
6 0.2609375 0.27109375 0.1125 0.0359375
6 0.778125 0.32734375 0.1078125 0.0359375
6 0.24375 0.43125 0.0984375 0.0328125
6 0.759375 0.484375 0.0984375 0.034375
6 0.39375 0.5453125 0.0984375 0.034375
6 0.484375 0.60859375 0.0859375 0.028125
6 0.49140625 0.64375 0.0875 0.034375
6 0.16875 0.90078125 0.09375 0.0328125
6 0.42890625 0.828125 0.0984375 0.03125
2 0.6046875 0.72734375 0.0578125 0.053125
1 0.4609375 0.93515625 0.121875 0.05
0 0.48046875 0.70859375 0.1234375 0.0578125
2 0.596875 0.56328125 0.1125 0.040625