0 0.49296875 0.290625 0.1 0.05234375
2 0.32734375 0.29453125 0.10234375 0.02734375
2 0.67265625 0.296875 0.08515625 0.03359375
6 0.271875 0.528125 0.08359375 0.03515625
6 0.63359375 0.52578125 0.08125 0.03125
6 0.27734375 0.5875 0.08125 0.03984375
6 0.26953125 0.64375 0.08359375 0.03125
6 0.63359375 0.58984375 0.08125 0.03359375
6 0.27265625 0.70703125 0.08359375 0.02890625
6 0.27109375 0.76640625 0.08125 0.03125
6 0.6 0.74609375 0.04375 0.04765625
6 0.73671875 0.746875 0.04765625 0.05390625
6 0.328125 0.90078125 0.09609375 0.03125
1 0.65546875 0.90234375 0.1125 0.03984375