3 0.08203125 0.4953125 0.1640625 0.2609375
0 0.40859375 0.56015625 0.1703125 0.2546875
3 0.07265625 0.86875 0.115625 0.1984375
0 0.23671875 0.3265625 0.1046875 0.0953125
0 0.665625 0.35234375 0.1 0.1046875
0 0.6765625 0.471875 0.0484375 0.0890625
0 0.640625 0.6796875 0.0484375 0.0859375
1 0.55234375 0.3609375 0.0765625 0.0859375
6 0.25859375 0.421875 0.0359375 0.025
6 0.2015625 0.45 0.021875 0.0171875
6 0.20234375 0.4796875 0.021875 0.01875
6 0.28125 0.50546875 0.025 0.0171875
6 0.275 0.534375 0.021875 0.028125
6 0.2046875 0.5859375 0.028125 0.0734375
6 0.15625 0.703125 0.0265625 0.06875
0 0.24921875 0.69296875 0.071875 0.071875
4 0.2828125 0.77421875 0.0421875 0.040625
6 0.21640625 0.7671875 0.025 0.0234375
6 0.4828125 0.36015625 0.0265625 0.06875
6 0.54609375 0.575 0.01875 0.01875
6 0.703125 0.684375 0.015625 0.0671875
6 0.73984375 0.68203125 0.021875 0.05
1 0.08203125 0.075 0.1109375 0.1265625
1 0.07734375 0.1953125 0.1 0.1078125
1 0.9421875 0.10234375 0.0921875 0.115625
2 0.31015625 0.32421875 0.0109375 0.0484375
2 0.32265625 0.38671875 0.0125 0.0421875
2 0.34375 0.38359375 0.015625 0.04375
2 0.54765625 0.49453125 0.028125 0.0234375
2 0.546875 0.5359375 0.0171875 0.025
2 0.73203125 0.484375 0.015625 0.040625
2 0.67109375 0.55703125 0.034375 0.021875
2 0.64296875 0.59609375 0.0296875 0.01875
2 0.5453125 0.615625 0.034375 0.021875
2 0.34296875 0.73828125 0.0296875 0.01875
2 0.4484375 0.73359375 0.034375 0.028125
2 0.27734375 0.56171875 0.0234375 0.0234375
2 0.27734375 0.590625 0.021875 0.0171875
2 0.2609375 0.6359375 0.01875 0.021875
2 0.4359375 0.3625 0.015625 0.040625
2 0.7515625 0.3484375 0.0109375 0.0421875