4 0.128125 0.72890625 0.0828125 0.20625
4 0.34140625 0.6390625 0.065625 0.1578125
4 0.9125 0.63125 0.08125 0.18125
4 0.82421875 0.36484375 0.084375 0.1734375
1 0.72265625 0.7125 0.0421875 0.0984375
1 0.45390625 0.58671875 0.040625 0.109375
6 0.39140625 0.41328125 0.121875 0.11875
6 0.27890625 0.45859375 0.05 0.0484375
6 0.40234375 0.57265625 0.0359375 0.0953125
6 0.3625 0.82890625 0.0546875 0.053125
6 0.3515625 0.89140625 0.05 0.0546875
6 0.7640625 0.55390625 0.0375 0.096875
6 0.8453125 0.53984375 0.05625 0.053125
6 0.82734375 0.66484375 0.059375 0.053125
6 0.77890625 0.740625 0.040625 0.09375
6 0.815625 0.76484375 0.0421875 0.103125
7 0.8625 0.76875 0.0578125 0.0953125
7 0.37421875 0.7328125 0.059375 0.090625
0 0.24140625 0.67421875 0.14375 0.309375
0 0.58984375 0.61484375 0.2296875 0.55625
3 0.921875 0.403125 0.15625 0.221875
3 0.728125 0.89765625 0.221875 0.2046875
2 0.7203125 0.5484375 0.0375 0.096875
2 0.0421875 0.51328125 0.05 0.10625
2 0.43203125 0.73515625 0.040625 0.0875
2 0.83515625 0.6046875 0.0484375 0.05625