3 0.521875 0.209375 0.16875 0.196875
4 0.92265625 0.509375 0.0140625 0.1
4 0.86484375 0.5125 0.0203125 0.0921875
4 0.80390625 0.49765625 0.01875 0.0984375
4 0.746875 0.49921875 0.0203125 0.0921875
4 0.68515625 0.503125 0.015625 0.09375
4 0.62734375 0.49609375 0.01875 0.071875
4 0.56640625 0.49375 0.01875 0.090625
4 0.50625 0.48984375 0.015625 0.09375
4 0.44765625 0.48671875 0.015625 0.10625
4 0.3875 0.4859375 0.01875 0.1046875
4 0.32734375 0.49296875 0.0171875 0.11875
4 0.26640625 0.48359375 0.0125 0.08125
4 0.20625 0.47734375 0.0125 0.08125
4 0.146875 0.478125 0.01875 0.0875
4 0.08828125 0.47890625 0.0171875 0.0875
4 0.028125 0.47109375 0.015625 0.09375
1 0.91953125 0.6015625 0.0203125 0.0484375
1 0.86015625 0.60546875 0.0140625 0.0375
1 0.796875 0.60625 0.01875 0.05625
1 0.74140625 0.6015625 0.0234375 0.0671875
1 0.68203125 0.60078125 0.0234375 0.06875
1 0.621875 0.59765625 0.0203125 0.0671875
1 0.5625 0.5953125 0.0234375 0.0671875
1 0.50234375 0.58359375 0.0203125 0.0671875
1 0.440625 0.58515625 0.0234375 0.06875
1 0.38359375 0.584375 0.0234375 0.0671875
1 0.32421875 0.58828125 0.025 0.0546875
1 0.26328125 0.5875 0.021875 0.071875
1 0.20390625 0.5828125 0.025 0.0625
1 0.14140625 0.575 0.0203125 0.0609375
1 0.08125 0.5734375 0.0171875 0.0671875
1 0.02109375 0.578125 0.01875 0.0625
6 0.915625 0.7015625 0.01875 0.0875
6 0.85703125 0.69375 0.0171875 0.0609375
6 0.7984375 0.69765625 0.021875 0.0734375
6 0.73828125 0.6890625 0.0171875 0.0859375
6 0.67734375 0.68671875 0.0140625 0.0671875
6 0.61953125 0.6828125 0.01875 0.0796875
6 0.559375 0.69296875 0.0171875 0.0796875
6 0.5 0.684375 0.0203125 0.0984375
6 0.43828125 0.6875 0.0203125 0.09375
6 0.38125 0.6859375 0.0203125 0.1046875
6 0.31640625 0.67890625 0.021875 0.1
6 0.26171875 0.665625 0.025 0.0984375
6 0.20234375 0.6765625 0.0296875 0.121875
6 0.13828125 0.675 0.025 0.1046875
6 0.07421875 0.69140625 0.0234375 0.090625
6 0.015625 0.6734375 0.0171875 0.121875
1 0.4171875 0.184375 0.021875 0.0796875
3 0.69296875 0.884375 0.3296875 0.2109375
3 0.29296875 0.86484375 0.33125 0.2078125