1 0.221875 0.3765625 0.134375 0.0671875
1 0.71484375 0.29375 0.1078125 0.0703125
0 0.50859375 0.5609375 0.246875 0.23125
6 0.24765625 0.4671875 0.1 0.06875
6 0.7390625 0.384375 0.103125 0.0625
6 0.2625 0.5390625 0.1078125 0.0703125
6 0.7390625 0.45546875 0.096875 0.0671875
6 0.28046875 0.6109375 0.121875 0.065625
6 0.765625 0.52578125 0.0859375 0.05625
6 0.5015625 0.81015625 0.1171875 0.0546875
2 0.2921875 0.6859375 0.0984375 0.0671875
2 0.76875 0.5984375 0.10625 0.078125
2 0.77578125 0.6734375 0.10625 0.071875
2 0.315625 0.7546875 0.0890625 0.0515625