1 0.55234375 0.74296875 0.04375 0.059375
1 0.50234375 0.740625 0.040625 0.053125
1 0.45 0.74375 0.04375 0.053125
2 0.5 0.64140625 0.028125 0.015625
2 0.46015625 0.64140625 0.034375 0.015625
2 0.54765625 0.60703125 0.025 0.0125
2 0.50234375 0.60703125 0.025 0.015625
2 0.459375 0.60859375 0.028125 0.015625
2 0.54609375 0.575 0.028125 0.015625
2 0.50234375 0.575 0.028125 0.015625
2 0.46015625 0.57265625 0.025 0.0125
2 0.50234375 0.53984375 0.021875 0.0125
6 0.55859375 0.33203125 0.009375 0.015625
6 0.54140625 0.33125 0.009375 0.015625
6 0.52578125 0.33125 0.009375 0.015625
6 0.45234375 0.36875 0.015625 0.021875
2 0.47890625 0.36796875 0.01875 0.025
3 0.50234375 0.2375 0.11875 0.078125