3 0.2296875 0.3203125 0.2703125 0.4
3 0.55859375 0.7828125 0.603125 0.2296875
7 0.25625 0.584375 0.1125 0.11875
6 0.671875 0.146875 0.121875 0.0984375
6 0.525 0.17421875 0.109375 0.075
6 0.38828125 0.29296875 0.0875 0.065625
6 0.40390625 0.3640625 0.0953125 0.0515625
6 0.3546875 0.5515625 0.0671875 0.109375
6 0.26796875 0.709375 0.0546875 0.09375
6 0.3890625 0.66640625 0.078125 0.1078125
2 0.32421875 0.6828125 0.053125 0.0875
2 0.375 0.20546875 0.084375 0.071875
0 0.55234375 0.5296875 0.36875 0.3484375
1 0.71640625 0.2453125 0.0609375 0.0953125
1 0.6703125 0.25546875 0.0625 0.0984375
1 0.615625 0.26875 0.0609375 0.0953125
1 0.56484375 0.28671875 0.06875 0.1109375
1 0.509375 0.29453125 0.06875 0.103125