3 0.06875 0.27734375 0.12265625 0.29765625
3 0.06796875 0.57109375 0.12109375 0.28984375
3 0.11484375 0.92421875 0.22890625 0.14765625
3 0.34375 0.92421875 0.23984375 0.15
4 0.81484375 0.17734375 0.02890625 0.06875
4 0.81953125 0.35546875 0.025 0.07109375
4 0.81640625 0.56171875 0.02734375 0.06640625
4 0.82109375 0.75859375 0.025 0.075
7 0.86796875 0.771875 0.04609375 0.05859375
7 0.86015625 0.57890625 0.05 0.05234375
7 0.86171875 0.37578125 0.03984375 0.06015625
7 0.86484375 0.19296875 0.05625 0.05390625
3 0.58359375 0.96875 0.24609375 0.0625
3 0.84453125 0.96875 0.23984375 0.05859375
3 0.47578125 0.05546875 0.31015625 0.06015625
3 0.80703125 0.05 0.31640625 0.075
6 0.8625 0.140625 0.04375 0.025
6 0.81328125 0.26484375 0.01875 0.06015625
6 0.8375 0.26484375 0.025 0.05625
6 0.871875 0.24765625 0.04375 0.025
6 0.859375 0.31953125 0.04375 0.03359375
6 0.81640625 0.44921875 0.02109375 0.05234375
6 0.8375 0.44453125 0.01875 0.05625
6 0.87265625 0.43671875 0.03515625 0.025
6 0.8625 0.528125 0.03515625 0.03125
6 0.81171875 0.653125 0.02265625 0.05234375
6 0.83828125 0.65234375 0.02265625 0.05625
6 0.87421875 0.6375 0.03984375 0.02265625
6 0.86796875 0.71875 0.03984375 0.02890625
6 0.88125 0.81796875 0.03984375 0.02109375
6 0.81796875 0.8375 0.02265625 0.05390625
6 0.840625 0.834375 0.01875 0.05234375
1 0.875 0.85 0.04375 0.02265625
1 0.87421875 0.67265625 0.04765625 0.02734375
1 0.87265625 0.46953125 0.05 0.02734375
1 0.87265625 0.275 0.04609375 0.01875