0 0.303125 0.56171875 0.1125 0.22109375
0 0.42109375 0.56953125 0.10625 0.2375
0 0.53984375 0.571875 0.10859375 0.225
0 0.65625 0.56953125 0.1125 0.21875
0 0.775 0.57265625 0.12265625 0.20625
0 0.30234375 0.821875 0.10625 0.22265625
0 0.41875 0.834375 0.1 0.22734375
0 0.53671875 0.83984375 0.1125 0.22734375
0 0.65234375 0.84140625 0.11484375 0.22265625
0 0.77265625 0.83359375 0.11875 0.21640625
7 0.23125 0.10234375 0.03515625 0.07734375
7 0.23125 0.203125 0.04140625 0.07890625
7 0.23515625 0.30546875 0.0375 0.06484375
7 0.203125 0.41015625 0.03984375 0.07109375
7 0.16484375 0.5125 0.03359375 0.07265625
7 0.16484375 0.69609375 0.03515625 0.07109375
7 0.29140625 0.11328125 0.04140625 0.07890625
7 0.29453125 0.20703125 0.03984375 0.07109375
7 0.29375 0.30390625 0.0375 0.07890625
7 0.63671875 0.10625 0.0375 0.08515625
7 0.63203125 0.20859375 0.03125 0.07265625
7 0.634375 0.30625 0.0375 0.075
4 0.85625 0.265625 0.05 0.125
0 0.42734375 0.10625 0.04140625 0.08125
0 0.42421875 0.19921875 0.0375 0.07109375
0 0.42578125 0.30703125 0.03359375 0.06875
6 0.103125 0.23203125 0.0375 0.04140625
6 0.1 0.28828125 0.0375 0.03515625
6 0.15234375 0.10625 0.025 0.0625
6 0.1875 0.10390625 0.02265625 0.06875
6 0.15078125 0.20546875 0.025 0.07109375
6 0.18359375 0.209375 0.02109375 0.0625
6 0.14921875 0.30703125 0.02890625 0.08125
6 0.18203125 0.30859375 0.02109375 0.075
6 0.1125 0.41328125 0.03125 0.08125
6 0.15078125 0.415625 0.025 0.08515625
6 0.11484375 0.50546875 0.03359375 0.06640625
6 0.16171875 0.57890625 0.03515625 0.03515625
6 0.16484375 0.63203125 0.04140625 0.03984375
6 0.109375 0.71015625 0.025 0.08515625
6 0.22109375 0.69453125 0.03125 0.0875
6 0.74921875 0.10234375 0.125 0.08125
6 0.75234375 0.2125 0.1125 0.08125
6 0.75234375 0.325 0.11875 0.0875
6 0.63828125 0.384375 0.05390625 0.02734375
6 0.353125 0.08515625 0.04609375 0.04765625
6 0.35546875 0.134375 0.04765625 0.03125
6 0.35390625 0.18046875 0.04609375 0.03359375
6 0.35859375 0.22734375 0.04609375 0.03125
6 0.35546875 0.28359375 0.04140625 0.0375
6 0.35859375 0.33203125 0.04609375 0.03359375
6 0.5125 0.11015625 0.02265625 0.07734375
6 0.51484375 0.21171875 0.025 0.0625
6 0.51796875 0.31484375 0.02890625 0.08359375
0 0.56796875 0.10234375 0.03984375 0.09375
0 0.56796875 0.20703125 0.04375 0.075
0 0.56953125 0.309375 0.04140625 0.07265625
2 0.48125 0.109375 0.025 0.07890625
2 0.48046875 0.209375 0.02265625 0.08359375
2 0.478125 0.30546875 0.02109375 0.06484375
2 0.11640625 0.603125 0.03515625 0.06875
2 0.16953125 0.76953125 0.04375 0.03125