3 0.52578125 0.4328125 0.346875 0.1640625
3 0.6046875 0.85234375 0.1890625 0.109375
3 0.33203125 0.828125 0.175 0.090625
1 0.60859375 0.68828125 0.05 0.05625
1 0.47890625 0.678125 0.065625 0.0765625
1 0.3625 0.67109375 0.0703125 0.0703125
1 0.228125 0.67578125 0.0703125 0.071875
4 0.61328125 0.621875 0.034375 0.071875
4 0.48515625 0.6140625 0.0375 0.0546875
4 0.359375 0.6109375 0.046875 0.0671875
4 0.23828125 0.59921875 0.05 0.0671875
1 0.30234375 0.409375 0.0640625 0.0734375
6 0.2984375 0.45078125 0.0640625 0.046875
6 0.60625 0.75234375 0.0453125 0.075
6 0.478125 0.7484375 0.0375 0.08125
6 0.36015625 0.7328125 0.0453125 0.0640625
6 0.23515625 0.7296875 0.0421875 0.05625