3 0.48046875 0.078125 0.2484375 0.1546875
0 0.72265625 0.38359375 0.1765625 0.09375
0 0.2734375 0.39375 0.2609375 0.1296875
0 0.50390625 0.740625 0.2765625 0.121875
2 0.70390625 0.684375 0.0515625 0.059375
2 0.29453125 0.696875 0.0578125 0.0703125
2 0.628125 0.51875 0.0578125 0.0609375
2 0.359375 0.5171875 0.0609375 0.059375
6 0.49921875 0.51875 0.046875 0.0578125
6 0.5921875 0.6015625 0.096875 0.03125
6 0.40078125 0.6046875 0.0921875 0.0296875
6 0.6515625 0.8921875 0.1046875 0.03125
1 0.34453125 0.9 0.103125 0.0390625