0 0.503125 0.15 0.16484375 0.14765625
7 0.24375 0.359375 0.07734375 0.08515625
7 0.76015625 0.359375 0.07890625 0.08359375
1 0.24921875 0.55 0.11640625 0.14765625
1 0.75390625 0.54765625 0.1125 0.14765625
1 0.76484375 0.74921875 0.11640625 0.15234375
6 0.41328125 0.36875 0.06484375 0.10390625
6 0.503125 0.365625 0.05625 0.10234375
6 0.59765625 0.36875 0.06484375 0.11484375
6 0.41328125 0.546875 0.05625 0.11015625
6 0.503125 0.54765625 0.06484375 0.10625
6 0.60234375 0.55078125 0.06640625 0.11875
6 0.278125 0.74609375 0.10625 0.05
2 0.55859375 0.74375 0.09609375 0.0625