1 0.2 0.60703125 0.12734375 0.10234375
1 0.21328125 0.51484375 0.13515625 0.1
1 0.22890625 0.396875 0.11875 0.10859375
1 0.234375 0.30390625 0.12109375 0.08125
1 0.840625 0.33359375 0.125 0.08984375
1 0.83359375 0.41796875 0.12734375 0.07890625
1 0.82734375 0.53828125 0.11640625 0.10234375
1 0.82265625 0.63515625 0.12265625 0.09140625
2 0.73125 0.59296875 0.02890625 0.04140625
2 0.29375 0.57578125 0.03125 0.06875
2 0.31953125 0.36484375 0.03359375 0.04765625
2 0.75078125 0.37734375 0.03984375 0.03515625
6 0.69765625 0.53671875 0.05234375 0.03359375