7 0.07890625 0.26875 0.1578125 0.13125
7 0.36484375 0.10546875 0.18515625 0.16015625
7 0.834375 0.20625 0.18359375 0.15
7 0.553125 0.38671875 0.14765625 0.11875
4 0.94609375 0.71875 0.075 0.15625
4 0.96171875 0.896875 0.075 0.15
4 0.08671875 0.690625 0.08125 0.13359375
4 0.0875 0.903125 0.09765625 0.15625
0 0.57578125 0.83203125 0.41484375 0.33515625
6 0.06171875 0.10625 0.10625 0.0625
6 0.34921875 0.28671875 0.18125 0.0875
6 0.2 0.27109375 0.07109375 0.13515625
6 0.31640625 0.396875 0.10859375 0.07890625
6 0.55 0.2 0.05625 0.13515625
6 0.834375 0.38671875 0.16484375 0.11640625
6 0.678125 0.37109375 0.07109375 0.11484375
6 0.48984375 0.5625 0.07109375 0.12109375
6 0.39609375 0.5625 0.07265625 0.10625
2 0.28046875 0.546875 0.05625 0.11484375
6 0.18125 0.7375 0.05234375 0.11640625
6 0.28515625 0.73984375 0.06015625 0.10234375
6 0.27421875 0.91484375 0.04609375 0.12265625
6 0.1875 0.9125 0.0625 0.10625
2 0.721875 0.603125 0.11640625 0.07890625
2 0.684375 0.190625 0.06015625 0.11875
2 0.2125 0.0875 0.05234375 0.1125