3 0.3 0.19921875 0.43359375 0.2625
3 0.728125 0.20390625 0.42265625 0.2625
3 0.55625 0.40390625 0.20390625 0.05859375
3 0.55859375 0.47734375 0.23125 0.0625
3 0.56328125 0.540625 0.22265625 0.06640625
6 0.30625 0.40390625 0.11484375 0.03359375
6 0.31171875 0.45 0.11015625 0.03515625
6 0.315625 0.5 0.12109375 0.03515625
6 0.31875 0.546875 0.11875 0.03359375
6 0.771875 0.615625 0.13125 0.04375
6 0.77890625 0.709375 0.12109375 0.04375
2 0.27578125 0.68203125 0.07890625 0.07734375
6 0.42734375 0.89296875 0.12890625 0.04375
6 0.59140625 0.87578125 0.08125 0.07890625
1 0.77578125 0.878125 0.17734375 0.08125
0 0.52109375 0.66875 0.28359375 0.12890625