2 0.67578125 0.79375 0.1609375 0.259375
2 0.78359375 0.71953125 0.165625 0.2734375
2 0.878125 0.64609375 0.1484375 0.25
2 0.5953125 0.64765625 0.1421875 0.228125
2 0.71328125 0.5625 0.121875 0.1390625
2 0.809375 0.48046875 0.1171875 0.1296875
2 0.40703125 0.42578125 0.2328125 0.440625
2 0.5109375 0.18359375 0.1734375 0.1515625
2 0.640625 0.09921875 0.1640625 0.1578125
2 0.5625 0.4265625 0.2265625 0.3546875
2 0.69609375 0.31171875 0.2125 0.3421875
2 0.83125 0.2578125 0.221875 0.453125
2 0.4515625 0.665625 0.0546875 0.05625
7 0.134375 0.81953125 0.1015625 0.1203125
7 0.11171875 0.7421875 0.0796875 0.0765625
2 0.25625 0.76640625 0.0484375 0.0796875
0 0.41953125 0.82734375 0.30625 0.2890625
2 0.2078125 0.896875 0.053125 0.0484375
2 0.21953125 0.90703125 0.04375 0.046875
2 0.23671875 0.93203125 0.05 0.0453125
2 0.259375 0.953125 0.046875 0.0421875
2 0.2796875 0.97578125 0.0546875 0.0484375
2 0.30234375 0.9875 0.0578125 0.025