0 0.53359375 0.43125 0.1875 0.2046875
0 0.340625 0.50703125 0.1359375 0.1640625
3 0.0703125 0.4453125 0.140625 0.2625
3 0.365625 0.06484375 0.2453125 0.1296875
3 0.7578125 0.0515625 0.1 0.096875
1 0.61640625 0.10703125 0.0796875 0.0875
2 0.51875 0.290625 0.1390625 0.065625
4 0.2078125 0.71875 0.0828125 0.2234375
3 0.0328125 0.246875 0.065625 0.084375
2 0.1828125 0.3171875 0.1015625 0.10625
2 0.22265625 0.5140625 0.05625 0.1203125
3 0.96875 0.66640625 0.0625 0.1234375
6 0.64375 0.7203125 0.1828125 0.075
6 0.3859375 0.753125 0.1546875 0.06875
6 0.38515625 0.66328125 0.159375 0.0765625
6 0.6421875 0.63046875 0.134375 0.06875
6 0.684375 0.43984375 0.071875 0.1953125
6 0.74609375 0.43046875 0.0734375 0.2015625
6 0.6453125 0.2125 0.165625 0.0765625
6 0.378125 0.2359375 0.1953125 0.0765625
3 0.89765625 0.36171875 0.1640625 0.509375
1 0.3265625 0.31796875 0.0875 0.090625