3 0.38828125 0.91640625 0.3671875 0.1671875
3 0.3875 0.16796875 0.44375 0.31875
3 0.81484375 0.83046875 0.3703125 0.2765625
4 0.190625 0.5671875 0.0703125 0.115625
4 0.340625 0.52265625 0.0546875 0.0875
4 0.48984375 0.48984375 0.053125 0.1
4 0.64375 0.4421875 0.0546875 0.084375
4 0.7921875 0.403125 0.0453125 0.0734375
4 0.94453125 0.359375 0.0515625 0.0953125
1 0.221875 0.67734375 0.0625 0.075
1 0.37109375 0.63203125 0.053125 0.0703125
1 0.52578125 0.59609375 0.053125 0.0703125
1 0.66796875 0.55 0.0484375 0.065625
1 0.82265625 0.50703125 0.0609375 0.0765625
1 0.97109375 0.4671875 0.0578125 0.08125
1 0.64375 0.0484375 0.090625 0.096875
6 0.66953125 0.11484375 0.0734375 0.0671875
6 0.24609375 0.77578125 0.059375 0.1140625
6 0.40078125 0.74140625 0.0484375 0.1
6 0.54765625 0.690625 0.053125 0.1
6 0.7 0.665625 0.0625 0.1234375
6 0.84921875 0.6171875 0.0578125 0.0953125
6 0.98359375 0.5828125 0.0328125 0.1375