4 0.65 0.15234375 0.10625 0.1046875
4 0.6390625 0.74453125 0.0734375 0.1515625
4 0.3828125 0.6765625 0.0921875 0.0875
6 0.578125 0.7359375 0.0828125 0.1765625
6 0.51796875 0.74296875 0.040625 0.08125
6 0.74375 0.41796875 0.04375 0.0953125
7 0.7125 0.5484375 0.071875 0.08125
6 0.72265625 0.68203125 0.059375 0.046875
6 0.76328125 0.58046875 0.04375 0.0984375
6 0.7078125 0.75390625 0.0546875 0.053125
1 0.69296875 0.821875 0.0640625 0.05
2 0.79375 0.42734375 0.046875 0.103125
2 0.2390625 0.40234375 0.0421875 0.1
0 0.6109375 0.4734375 0.15625 0.2671875
0 0.428125 0.434375 0.1453125 0.25625
3 0.88359375 0.51484375 0.2234375 0.4390625
3 0.14296875 0.3625 0.203125 0.2703125