3 0.15390625 0.221875 0.2890625 0.234375
3 0.16953125 0.81171875 0.1 0.0640625
3 0.18125 0.85859375 0.09375 0.0578125
3 0.19296875 0.90078125 0.1 0.071875
3 0.403125 0.15390625 0.2796875 0.23125
3 0.65625 0.10859375 0.278125 0.2171875
4 0.290625 0.78125 0.0671875 0.1078125
4 0.48125 0.73046875 0.053125 0.0984375
4 0.68125 0.68671875 0.05625 0.0953125
4 0.91171875 0.65703125 0.08125 0.0515625
4 0.9765625 0.68359375 0.046875 0.1171875
7 0.43046875 0.76484375 0.0625 0.084375
7 0.6265625 0.7140625 0.0625 0.0796875
7 0.8171875 0.6625 0.05625 0.078125
6 0.41640625 0.70390625 0.05 0.046875
6 0.31171875 0.859375 0.046875 0.0359375
6 0.3203125 0.8921875 0.0390625 0.034375
6 0.5046875 0.8109375 0.0421875 0.0328125
6 0.5140625 0.8453125 0.04375 0.0359375
6 0.6078125 0.65703125 0.0453125 0.0375
6 0.80078125 0.6078125 0.0453125 0.0375
6 0.91328125 0.59375 0.0328125 0.0484375
6 0.6953125 0.7640625 0.0390625 0.0265625
6 0.70390625 0.79765625 0.040625 0.0328125
1 0.44765625 0.828125 0.053125 0.0375
1 0.63828125 0.77890625 0.0484375 0.0375
1 0.83125 0.73203125 0.0484375 0.034375
0 0.3703125 0.7953125 0.1046875 0.159375
0 0.5625 0.74765625 0.1078125 0.165625
0 0.7546875 0.70625 0.10625 0.175
1 0.96328125 0.59921875 0.05625 0.0421875
2 0.86171875 0.60390625 0.0359375 0.0515625
2 0.88984375 0.603125 0.0296875 0.05