4 0.65625 0.72578125 0.1125 0.08125
2 0.28125 0.71796875 0.16640625 0.16484375
2 0.284375 0.29296875 0.15859375 0.15234375
2 0.4625 0.290625 0.14609375 0.15625
0 0.384375 0.50546875 0.13359375 0.2
2 0.459375 0.715625 0.14765625 0.15234375
2 0.23984375 0.4 0.02890625 0.02109375
2 0.240625 0.475 0.03125 0.01875
2 0.240625 0.49765625 0.02734375 0.01640625
2 0.240625 0.521875 0.02890625 0.01640625
2 0.5125 0.41171875 0.02890625 0.02109375
2 0.51171875 0.43515625 0.03125 0.01640625
2 0.5125 0.484375 0.03125 0.01875
2 0.51328125 0.50703125 0.02890625 0.01875
2 0.51328125 0.55546875 0.03359375 0.01640625
2 0.509375 0.58515625 0.03125 0.01875
2 0.66328125 0.471875 0.02734375 0.03125
2 0.6875 0.47421875 0.01640625 0.03125
2 0.73515625 0.47265625 0.02109375 0.02890625
2 0.565625 0.23046875 0.02109375 0.03359375
2 0.66171875 0.228125 0.02265625 0.0375
2 0.684375 0.22734375 0.01875 0.03515625
2 0.73125 0.22890625 0.01875 0.03515625
6 0.240625 0.425 0.025 0.01484375
6 0.23984375 0.44921875 0.025 0.01640625
6 0.24296875 0.546875 0.025 0.01640625
6 0.240625 0.56875 0.02265625 0.01640625
6 0.23984375 0.59296875 0.02265625 0.01875
6 0.709375 0.47109375 0.01875 0.02734375
6 0.70703125 0.22734375 0.01640625 0.03359375
1 0.62734375 0.784375 0.0375 0.025
6 0.68203125 0.78515625 0.03515625 0.01875
2 0.56015625 0.76875 0.01875 0.03125
6 0.17265625 0.49921875 0.03125 0.01484375