3 0.1234375 0.28203125 0.171875 0.421875
3 0.1328125 0.71796875 0.1671875 0.4375
3 0.93828125 0.7015625 0.0765625 0.215625
3 0.91953125 0.3046875 0.0796875 0.2578125
0 0.78671875 0.40859375 0.15625 0.146875
0 0.79140625 0.57265625 0.14375 0.11875
7 0.67890625 0.87734375 0.0640625 0.084375
7 0.66640625 0.12734375 0.065625 0.0765625
4 0.659375 0.26875 0.0359375 0.115625
4 0.6671875 0.725 0.04375 0.1125
1 0.825 0.9171875 0.05 0.1078125
1 0.8015625 0.0828125 0.0515625 0.115625
6 0.74453125 0.2109375 0.0359375 0.09375
6 0.81171875 0.21015625 0.0328125 0.0875
6 0.7640625 0.7671875 0.0453125 0.103125
6 0.82421875 0.7734375 0.040625 0.090625