5 0.35546875 0.6375 0.22734375 0.25859375
0 0.515625 0.06015625 0.15 0.06875
0 0.51015625 0.23125 0.22265625 0.22734375
2 0.18046875 0.05390625 0.10234375 0.02890625
2 0.17265625 0.12265625 0.08984375 0.02734375
2 0.83359375 0.30234375 0.1125 0.04375
6 0.17265625 0.19609375 0.09609375 0.03125
6 0.165625 0.26796875 0.0875 0.03984375
6 0.18046875 0.34921875 0.08125 0.03515625
6 0.84140625 0.221875 0.08984375 0.04140625
6 0.834375 0.140625 0.08125 0.03359375
6 0.46953125 0.79375 0.075 0.03984375
6 0.428125 0.91875 0.09140625 0.04140625
1 0.57734375 0.91171875 0.1 0.04765625
1 0.83671875 0.06484375 0.13984375 0.03984375
7 0.840625 0.41953125 0.13125 0.07109375