3 0.49375 0.35546875 0.31484375 0.07734375
0 0.49921875 0.54921875 0.05625 0.05859375
0 0.5 0.8625 0.05234375 0.05234375
7 0.43203125 0.8625 0.04140625 0.04375
2 0.415625 0.55078125 0.02109375 0.00859375
2 0.58203125 0.55 0.01875 0.0125
2 0.41640625 0.58515625 0.02265625 0.0125
1 0.56953125 0.84453125 0.03515625 0.0125
2 0.51015625 0.83125 0.01875 0.0125
6 0.584375 0.590625 0.02109375 0.01640625
6 0.58125 0.62578125 0.02734375 0.0125
6 0.58125 0.66328125 0.02109375 0.0125
6 0.484375 0.66484375 0.03359375 0.025
6 0.484375 0.703125 0.03359375 0.025
6 0.48203125 0.77734375 0.03125 0.02109375
6 0.571875 0.871875 0.03984375 0.02109375
6 0.41875 0.83125 0.01875 0.00859375
6 0.465625 0.83359375 0.02265625 0.0125