5 0.35078125 0.63203125 0.2359375 0.265625
0 0.53125 0.0609375 0.1515625 0.0734375
0 0.51953125 0.23203125 0.2296875 0.234375
2 0.19609375 0.04296875 0.103125 0.0328125
2 0.1859375 0.11171875 0.090625 0.0296875
2 0.840625 0.3140625 0.1140625 0.046875
6 0.18359375 0.18515625 0.096875 0.034375
6 0.17421875 0.25625 0.0890625 0.0421875
6 0.1859375 0.33828125 0.0828125 0.0375
6 0.85078125 0.23359375 0.090625 0.04375
6 0.846875 0.15234375 0.0828125 0.0359375
6 0.459375 0.7921875 0.0765625 0.0421875
6 0.41328125 0.915625 0.0921875 0.0453125
1 0.56328125 0.9140625 0.1015625 0.0515625
1 0.8515625 0.0765625 0.140625 0.0453125
7 0.84296875 0.43125 0.134375 0.075