5 0.55078125 0.6890625 0.4046875 0.2265625
7 0.23359375 0.634375 0.11875 0.071875
1 0.740625 0.86640625 0.1546875 0.1015625
2 0.27265625 0.89921875 0.1234375 0.115625
0 0.45390625 0.47421875 0.26875 0.153125
0 0.771875 0.4796875 0.13125 0.0890625
1 0.11796875 0.47421875 0.1203125 0.046875
6 0.2359375 0.475 0.05 0.065625
6 0.3015625 0.34453125 0.103125 0.0609375
6 0.5953125 0.3 0.0890625 0.05625
6 0.459375 0.0609375 0.1390625 0.0640625
6 0.46875 0.14921875 0.1359375 0.0578125
6 0.91484375 0.3734375 0.0953125 0.0453125
6 0.878125 0.83984375 0.0765625 0.0796875
6 0.390625 0.91328125 0.0671875 0.071875
6 0.4890625 0.8984375 0.0671875 0.08125
6 0.58203125 0.8890625 0.0671875 0.08125
2 0.24921875 0.553125 0.0578125 0.0578125
2 0.6390625 0.42578125 0.05 0.0609375
2 0.784375 0.3875 0.1015625 0.0484375
2 0.6453125 0.503125 0.0578125 0.0765625
2 0.83359375 0.60078125 0.078125 0.0859375
2 0.8515625 0.7 0.0734375 0.078125
2 0.23046875 0.76953125 0.059375 0.071875