3 0.24453125 0.125 0.41640625 0.05390625
3 0.7625 0.128125 0.42265625 0.06484375
3 0.76640625 0.30546875 0.39375 0.0625
3 0.25 0.30078125 0.39375 0.05625
0 0.509375 0.453125 0.39375 0.1375
0 0.5 0.81953125 0.12265625 0.07734375
1 0.58359375 0.91640625 0.1125 0.03984375
6 0.428125 0.9125 0.11015625 0.02890625
6 0.81796875 0.375 0.05625 0.02109375
6 0.82109375 0.409375 0.03984375 0.02109375
6 0.82109375 0.43828125 0.04765625 0.01875
6 0.39375 0.65625 0.1125 0.05234375
6 0.71015625 0.59921875 0.10234375 0.03515625
6 0.71015625 0.65859375 0.08125 0.0375
6 0.71484375 0.71796875 0.09609375 0.02890625
6 0.675 0.84453125 0.04765625 0.01640625
6 0.69453125 0.8125 0.03515625 0.03359375
2 0.74765625 0.50390625 0.02734375 0.02265625
2 0.36015625 0.80859375 0.03515625 0.04140625
2 0.40625 0.80625 0.03125 0.03359375
2 0.61875 0.809375 0.02109375 0.03515625
2 0.65859375 0.809375 0.02109375 0.03515625