3 0.50625 0.22578125 0.58984375 0.11484375
3 0.609375 0.80859375 0.19375 0.04609375
3 0.34140625 0.81328125 0.15625 0.04765625
7 0.20703125 0.634375 0.06875 0.04140625
7 0.77109375 0.63671875 0.06640625 0.05234375
1 0.75625 0.73203125 0.07109375 0.03359375
1 0.2 0.72734375 0.06640625 0.04140625
6 0.29765625 0.684375 0.07109375 0.025
6 0.28984375 0.72890625 0.06484375 0.03125
6 0.67578125 0.68828125 0.05625 0.02265625
6 0.66875 0.72578125 0.06015625 0.03359375
4 0.6375 0.63515625 0.11640625 0.03125
4 0.328125 0.628125 0.08515625 0.03125
0 0.440625 0.703125 0.075 0.11484375
0 0.53359375 0.703125 0.09140625 0.12109375