6 0.23828125 0.140625 0.11015625 0.02109375
6 0.75390625 0.140625 0.10625 0.02109375
6 0.23828125 0.29765625 0.11015625 0.025
6 0.75859375 0.29921875 0.10625 0.025
6 0.23828125 0.45859375 0.09609375 0.02265625
6 0.75625 0.45703125 0.09609375 0.025
6 0.39921875 0.55625 0.09609375 0.025
6 0.49609375 0.609375 0.08515625 0.01875
6 0.50625 0.64375 0.08515625 0.025
6 0.2125 0.93359375 0.09140625 0.02265625
6 0.46328125 0.83359375 0.09609375 0.02109375
2 0.628125 0.71484375 0.05234375 0.04765625
1 0.50625 0.93671875 0.11875 0.0375
0 0.50234375 0.709375 0.11875 0.04609375
2 0.603125 0.553125 0.11015625 0.02890625