3 0.440625 0.0765625 0.25625 0.153125
3 0.6796875 0.09609375 0.2546875 0.1734375
7 0.3203125 0.2359375 0.1171875 0.0953125
0 0.5203125 0.40703125 0.184375 0.13125
0 0.2734375 0.87109375 0.1203125 0.078125
0 0.440625 0.8921875 0.1375 0.084375
6 0.46328125 0.54140625 0.0859375 0.046875
6 0.578125 0.26484375 0.0515625 0.053125
6 0.2375 0.8171875 0.0484375 0.0234375
6 0.3609375 0.8375 0.0546875 0.0203125
6 0.63359375 0.94375 0.1265625 0.0484375
1 0.64296875 0.9015625 0.125 0.05
6 0.7625 0.63125 0.0453125 0.0421875
2 0.41015625 0.22578125 0.0265625 0.03125
2 0.46953125 0.2375 0.0609375 0.0609375
2 0.64765625 0.275 0.0375 0.053125
2 0.71796875 0.28984375 0.0578125 0.071875
2 0.78828125 0.29765625 0.046875 0.0578125
2 0.490625 0.85546875 0.0421875 0.0265625
2 0.39765625 0.37734375 0.0375 0.0359375
2 0.48671875 0.309375 0.0546875 0.0234375
2 0.65078125 0.39140625 0.034375 0.0328125