3 0.2578125 0.11640625 0.41875 0.06875
3 0.775 0.1375 0.425 0.0796875
3 0.77265625 0.31484375 0.3953125 0.0765625
3 0.25703125 0.2921875 0.3953125 0.0703125
0 0.5109375 0.453125 0.3984375 0.1515625
0 0.4890625 0.81953125 0.125 0.08125
1 0.56875 0.91875 0.1140625 0.04375
6 0.4140625 0.909375 0.1109375 0.0328125
6 0.821875 0.3859375 0.05625 0.0234375
6 0.82421875 0.4203125 0.040625 0.021875
6 0.8234375 0.44921875 0.0484375 0.0203125
6 0.38828125 0.65234375 0.1140625 0.05625
6 0.70625 0.60625 0.103125 0.0390625
6 0.7046875 0.665625 0.0828125 0.040625
6 0.70703125 0.725 0.096875 0.0328125
6 0.6625 0.85078125 0.0484375 0.01875
6 0.68359375 0.81875 0.0359375 0.034375
2 0.74765625 0.5125 0.028125 0.0234375
2 0.34921875 0.80390625 0.0359375 0.0421875
2 0.3953125 0.803125 0.0328125 0.034375
2 0.6078125 0.81328125 0.021875 0.0359375
2 0.64765625 0.81484375 0.021875 0.0359375