7 0.32109375 0.140625 0.11484375 0.09765625
7 0.55859375 0.21171875 0.11015625 0.08984375
7 0.684375 0.76796875 0.10625 0.09609375
4 0.68359375 0.22109375 0.0625 0.05625
0 0.4875 0.81015625 0.21484375 0.27109375
6 0.3125 0.23828125 0.06015625 0.03359375
6 0.3 0.384375 0.02890625 0.075
6 0.38671875 0.22109375 0.01640625 0.05625
6 0.453125 0.18828125 0.04375 0.04140625
6 0.69765625 0.878125 0.05 0.03125
6 0.27890625 0.696875 0.025 0.0625
6 0.303125 0.61015625 0.0375 0.075
2 0.32421875 0.77578125 0.04765625 0.0625
2 0.68984375 0.91875 0.05390625 0.025