2 0.2640625 0.25546875 0.2078125 0.3796875
2 0.15625 0.696875 0.2234375 0.40625
2 0.7078125 0.56796875 0.109375 0.0921875
2 0.8921875 0.63828125 0.11875 0.1046875
5 0.81171875 0.8578125 0.2671875 0.284375
6 0.24453125 0.80078125 0.0921875 0.1984375
6 0.31875 0.81640625 0.0859375 0.1828125
6 0.40234375 0.83984375 0.09375 0.190625
6 0.48125 0.84765625 0.08125 0.175
6 0.56171875 0.87265625 0.0921875 0.2015625
6 0.64140625 0.8765625 0.0984375 0.1890625
6 0.67109375 0.68046875 0.109375 0.115625
6 0.80703125 0.1734375 0.1171875 0.1234375
6 0.965625 0.22734375 0.06875 0.1203125
6 0.95390625 0.3578125 0.0921875 0.11875
6 0.92578125 0.5 0.10625 0.11875
0 0.76015625 0.3859375 0.196875 0.3046875