2 0.6859375 0.70546875 0.1390625 0.11875
2 0.665625 0.81328125 0.134375 0.1234375
2 0.7875 0.74453125 0.05625 0.0609375
2 0.68984375 0.59296875 0.0375 0.0453125
2 0.2578125 0.6046875 0.103125 0.259375
2 0.2953125 0.40703125 0.05 0.0609375
2 0.35625 0.290625 0.0390625 0.0921875
3 0.88046875 0.45625 0.1296875 0.1921875
3 0.1140625 0.4546875 0.15 0.315625
3 0.4359375 0.140625 0.1140625 0.2046875
3 0.22421875 0.40859375 0.0640625 0.134375
6 0.32578125 0.21796875 0.08125 0.0875
6 0.24921875 0.2625 0.075 0.0625
6 0.7921875 0.60546875 0.1171875 0.103125