6 0.321875 0.08046875 0.1109375 0.059375
6 0.2984375 0.13203125 0.103125 0.0609375
6 0.85546875 0.22109375 0.0953125 0.06875
6 0.83828125 0.2765625 0.0859375 0.0640625
6 0.7640625 0.5328125 0.0765625 0.090625
6 0.1796875 0.75625 0.0640625 0.0734375
6 0.4296875 0.753125 0.0828125 0.0984375
6 0.49921875 0.76875 0.06875 0.0828125
6 0.56796875 0.7859375 0.0703125 0.0828125
6 0.64453125 0.8078125 0.08125 0.0921875
2 0.55 0.278125 0.0828125 0.1
2 0.22578125 0.40390625 0.1875 0.1953125
0 0.50234375 0.47578125 0.2421875 0.228125