1 0.24765625 0.33046875 0.12890625 0.04609375
1 0.74765625 0.334375 0.1 0.05390625
0 0.49765625 0.56171875 0.21640625 0.19609375
6 0.25703125 0.42421875 0.09140625 0.05390625
6 0.75546875 0.42734375 0.09609375 0.04609375
6 0.259375 0.496875 0.1 0.05390625
6 0.74296875 0.49765625 0.08984375 0.05234375
6 0.26484375 0.57109375 0.11484375 0.04609375
6 0.75703125 0.571875 0.07890625 0.04375
6 0.44765625 0.80546875 0.1125 0.03515625
2 0.26328125 0.646875 0.09140625 0.05234375
2 0.74765625 0.64375 0.09609375 0.0625
2 0.74140625 0.71875 0.09765625 0.05625
2 0.27421875 0.71875 0.08359375 0.0375