0 0.22734375 0.209375 0.11640625 0.2375
0 0.35390625 0.20625 0.10625 0.23359375
0 0.484375 0.19453125 0.10625 0.21640625
0 0.62109375 0.19375 0.10625 0.21484375
0 0.75 0.19140625 0.11015625 0.22265625
7 0.24609375 0.59921875 0.03359375 0.05390625
4 0.19921875 0.60078125 0.04140625 0.04375
4 0.63203125 0.48359375 0.06640625 0.05234375
0 0.24296875 0.48984375 0.10390625 0.07890625
0 0.35703125 0.53125 0.0625 0.17109375
0 0.35546875 0.70390625 0.05625 0.16015625
0 0.49140625 0.73125 0.05234375 0.0875
0 0.609375 0.559375 0.03359375 0.09375
6 0.28203125 0.60078125 0.01640625 0.04765625
6 0.275 0.55546875 0.02109375 0.02734375
6 0.47265625 0.48671875 0.03125 0.03515625
6 0.540625 0.48671875 0.03125 0.025
2 0.425 0.459375 0.02734375 0.01875
2 0.42578125 0.48671875 0.03125 0.02265625
2 0.74375 0.540625 0.12109375 0.17109375
2 0.64921875 0.54609375 0.0125 0.04375
2 0.65703125 0.58203125 0.02734375 0.02265625
2 0.65859375 0.609375 0.025 0.02109375
6 0.13203125 0.42421875 0.02109375 0.04375
6 0.11328125 0.428125 0.01484375 0.04609375
6 0.56015625 0.69296875 0.02890625 0.02890625
6 0.56171875 0.715625 0.02890625 0.02109375
6 0.56171875 0.74140625 0.02734375 0.02265625
6 0.5625 0.76640625 0.025 0.01875
6 0.42578125 0.76484375 0.025 0.01640625
2 0.425 0.72734375 0.025 0.025