3 0.58515625 0.8046875 0.1265625 0.121875
3 0.78984375 0.709375 0.1515625 0.1296875
3 0.6178191281250001 0.0539283453125 0.1451459484375 0.2311749640625 0.2054027578125 0.3171404390625 0.661439425 0.1377527875 0.6178191281250001 0.0539283453125
7 0.38671875 0.69140625 0.0640625 0.075
7 0.7734375 0.5203125 0.0671875 0.0625
4 0.7015625 0.54765625 0.0609375 0.0609375
4 0.4703125 0.64609375 0.065625 0.059375
1 0.41484375 0.79375 0.0671875 0.053125
1 0.85078125 0.61015625 0.05 0.04375
6 0.4640625 0.71796875 0.0578125 0.0484375
6 0.49140625 0.76328125 0.05625 0.040625
6 0.75234375 0.596875 0.0546875 0.0421875
6 0.78359375 0.6390625 0.0546875 0.034375
0 0.68125 0.64296875 0.1125 0.1203125
0 0.59296875 0.6859375 0.1359375 0.13125