6 0.50625 0.25625 0.14375 0.08984375
6 0.353125 0.28046875 0.05625 0.2375
6 0.18984375 0.27890625 0.05625 0.23359375
1 0.08984375 0.534375 0.11015625 0.23359375
1 0.34375 0.52734375 0.11015625 0.25390625
5 0.44375 0.76015625 0.22890625 0.29140625
1 0.90390625 0.53671875 0.10859375 0.1875
6 0.90546875 0.28671875 0.04375 0.25625
3 0.084375 0.19609375 0.05625 0.18515625
3 0.090625 0.784375 0.06640625 0.24140625
2 0.2375 0.54921875 0.03984375 0.22890625
2 0.1875 0.54921875 0.05 0.20859375
0 0.51484375 0.465625 0.16875 0.33984375