3 0.253125 0.1375 0.2 0.21875
3 0.75546875 0.13828125 0.21875 0.22890625
0 0.50546875 0.41015625 0.26015625 0.17890625
2 0.515625 0.52734375 0.11015625 0.02734375
6 0.353125 0.70390625 0.10859375 0.03125
6 0.35546875 0.74921875 0.08984375 0.02734375
6 0.35234375 0.784375 0.08984375 0.02265625
6 0.74296875 0.70703125 0.08515625 0.025
6 0.740625 0.74609375 0.08359375 0.02109375
6 0.74296875 0.7875 0.07890625 0.01875
6 0.628125 0.89609375 0.09375 0.02265625
6 0.45703125 0.91171875 0.05625 0.05234375
1 0.278125 0.90703125 0.13515625 0.05390625