3 0.96015625 0.63203125 0.0796875 0.3421875
6 0.81640625 0.6328125 0.0609375 0.1640625
2 0.51953125 0.78125 0.1421875 0.0921875
2 0.2984375 0.39765625 0.08125 0.1453125
3 0.20703125 0.86015625 0.1828125 0.2796875
4 0.89140625 0.13515625 0.0609375 0.1109375
6 0.8296875 0.16953125 0.0625 0.1328125
6 0.446875 0.0625 0.1390625 0.071875
6 0.340625 0.6640625 0.06875 0.153125
6 0.7890625 0.86328125 0.14375 0.078125
6 0.23203125 0.15625 0.075 0.1890625
6 0.1203125 0.16796875 0.0703125 0.18125
6 0.6890625 0.02734375 0.18125 0.0546875
6 0.79296875 0.365625 0.078125 0.1890625
6 0.678125 0.36875 0.090625 0.1921875
2 0.69296875 0.5703125 0.1359375 0.2140625
2 0.7203125 0.74609375 0.125 0.1765625
2 0.46484375 0.1703125 0.15 0.10625
6 0.49921875 0.9109375 0.203125 0.0921875
0 0.496875 0.43984375 0.2265625 0.44375
5 0.15703125 0.43515625 0.184375 0.2
5 0.1609375 0.62734375 0.190625 0.2015625
1 0.66171875 0.12109375 0.1328125 0.178125