5 0.34375 0.503125 0.20625 0.2015625
0 0.534375 0.47421875 0.28125 0.2546875
3 0.8921875 0.315625 0.215625 0.225
7 0.7390625 0.35078125 0.0671875 0.0703125
3 0.1375 0.6125 0.275 0.246875
6 0.64140625 0.38671875 0.05625 0.040625
2 0.6796875 0.3734375 0.0484375 0.0453125
6 0.69921875 0.471875 0.0515625 0.0515625
6 0.7390625 0.46171875 0.04375 0.0390625
6 0.81953125 0.42421875 0.0515625 0.053125
6 0.525 0.6078125 0.071875 0.0625
6 0.6109375 0.578125 0.0609375 0.046875
6 0.68203125 0.54765625 0.0515625 0.04375
1 0.7796875 0.4453125 0.0484375 0.046875