3 0.59375 0.11796875 0.48125 0.2359375
0 0.5609375 0.2765625 0.1375 0.1046875
0 0.47109375 0.615625 0.1984375 0.1421875
0 0.58046875 0.9359375 0.1375 0.09375
0 0.40390625 0.89765625 0.1359375 0.0984375
6 0.475 0.771875 0.1 0.059375
6 0.221875 0.865625 0.0875 0.0484375
2 0.45234375 0.21015625 0.0609375 0.028125
2 0.44375 0.234375 0.0546875 0.025
2 0.65 0.5703125 0.028125 0.0359375
2 0.61328125 0.5625 0.028125 0.0359375
2 0.42890625 0.69453125 0.0625 0.0390625
2 0.37734375 0.840625 0.06875 0.03125
1 0.22109375 0.82734375 0.1265625 0.065625
1 0.52265625 0.41171875 0.125 0.06875
6 0.515625 0.44921875 0.1 0.059375
6 0.63125 0.90546875 0.0484375 0.0265625
6 0.49765625 0.86953125 0.05 0.03125
6 0.37421875 0.5046875 0.03125 0.034375
6 0.3359375 0.4953125 0.028125 0.0328125