2 0.4796875 0.5546875 0.3046875 0.6921875
2 0.14765625 0.55 0.2953125 0.69375
0 0.3421875 0.096875 0.340625 0.19375
2 0.63203125 0.8828125 0.0578125 0.146875
2 0.80234375 0.88828125 0.053125 0.146875
2 0.84296875 0.89453125 0.046875 0.1359375
2 0.934375 0.9109375 0.0390625 0.1234375
2 0.56875 0.18046875 0.071875 0.078125
2 0.584375 0.06875 0.0671875 0.0828125
2 0.0734375 0.1671875 0.0703125 0.065625
6 0.07578125 0.084375 0.065625 0.078125
6 0.08046875 0.0125 0.0640625 0.025
6 0.8890625 0.90625 0.0421875 0.1203125