3 0.8953125 0.1015625 0.09375 0.075
3 0.80234375 0.10234375 0.0875 0.0859375
3 0.71484375 0.1046875 0.096875 0.090625
3 0.628125 0.1109375 0.0859375 0.084375
3 0.5375 0.11953125 0.090625 0.084375
3 0.4484375 0.11953125 0.090625 0.08125
3 0.3578125 0.11796875 0.0921875 0.078125
3 0.26875 0.1234375 0.090625 0.0796875
3 0.92421875 0.85078125 0.09375 0.0765625
3 0.83046875 0.8578125 0.0921875 0.0921875
3 0.74140625 0.85625 0.0875 0.084375
3 0.653125 0.8625 0.0921875 0.0875
3 0.5609375 0.87265625 0.0984375 0.0890625
3 0.47265625 0.87265625 0.0875 0.090625
3 0.37890625 0.8703125 0.0953125 0.0703125
3 0.2953125 0.88125 0.0796875 0.08125
0 0.20546875 0.68515625 0.0625 0.2453125
0 0.16640625 0.1421875 0.0828125 0.1109375
0 0.1953125 0.3921875 0.05 0.2421875
0 0.140625 0.346875 0.0390625 0.0546875
0 0.08125 0.3484375 0.0421875 0.0578125
0 0.14296875 0.41015625 0.040625 0.0453125
0 0.14140625 0.46171875 0.0390625 0.0546875
0 0.1453125 0.528125 0.0390625 0.0546875
0 0.0828125 0.525 0.0375 0.053125
0 0.08203125 0.47109375 0.0375 0.053125
0 0.08125 0.4140625 0.04375 0.0578125
0 0.15234375 0.675 0.0375 0.0578125
0 0.15390625 0.72578125 0.0390625 0.0515625
0 0.15390625 0.78515625 0.0390625 0.0578125
0 0.15546875 0.84453125 0.040625 0.0453125
0 0.09140625 0.6765625 0.0453125 0.0484375
0 0.09296875 0.73046875 0.0421875 0.053125
0 0.096875 0.78984375 0.0375 0.053125
0 0.09609375 0.8515625 0.0421875 0.0484375
6 0.14375 0.57578125 0.028125 0.028125
6 0.08671875 0.575 0.0328125 0.034375
6 0.21171875 0.83828125 0.015625 0.04375
6 0.21328125 0.8921875 0.01875 0.0484375
6 0.1578125 0.890625 0.0296875 0.021875
6 0.09765625 0.89453125 0.028125 0.0234375
6 0.18125 0.23984375 0.0140625 0.0421875
6 0.14140625 0.28203125 0.0203125 0.0484375
4 0.1078125 0.128125 0.0171875 0.075
2 0.021875 0.2390625 0.0125 0.046875
2 0.0625 0.13359375 0.0640625 0.11875
2 0.05390625 0.24375 0.0546875 0.0875
2 0.10859375 0.234375 0.05 0.0921875
3 0.028125 0.34921875 0.05625 0.1296875
3 0.03671875 0.590625 0.046875 0.2640625
6 0.2671875 0.56484375 0.0234375 0.01875
6 0.29765625 0.4359375 0.0265625 0.0265625
6 0.3828125 0.43125 0.0234375 0.0234375
6 0.35546875 0.559375 0.021875 0.021875
6 0.44296875 0.55859375 0.0234375 0.01875
6 0.47265625 0.4296875 0.025 0.021875
6 0.91796875 0.4125 0.01875 0.021875
6 0.88671875 0.53984375 0.025 0.0234375
6 0.82578125 0.4140625 0.025 0.021875
6 0.79609375 0.54375 0.021875 0.01875
6 0.7046875 0.55 0.025 0.015625
6 0.7375 0.4203125 0.0296875 0.0234375
6 0.6515625 0.42578125 0.021875 0.01875
6 0.6203125 0.5515625 0.01875 0.0234375
6 0.53046875 0.55234375 0.0234375 0.0140625
6 0.56015625 0.42890625 0.0234375 0.0234375
1 0.87890625 0.41796875 0.0234375 0.021875
1 0.92109375 0.53828125 0.0234375 0.021875
1 0.7921875 0.4171875 0.021875 0.0234375
1 0.83359375 0.54140625 0.0234375 0.0171875
1 0.74609375 0.546875 0.0234375 0.0234375
1 0.61328125 0.425 0.0234375 0.021875
1 0.6578125 0.54765625 0.025 0.021875
1 0.70078125 0.42109375 0.0234375 0.021875
1 0.528125 0.43046875 0.0234375 0.01875
1 0.56640625 0.553125 0.0234375 0.025
1 0.4765625 0.55625 0.0234375 0.021875
1 0.35078125 0.434375 0.0234375 0.021875
1 0.2609375 0.4375 0.0265625 0.0265625
1 0.3921875 0.559375 0.025 0.021875
1 0.30234375 0.56328125 0.025 0.0171875