3 0.43046875 0.07265625 0.2421875 0.1453125
3 0.6609375 0.08515625 0.2296875 0.1640625
6 0.3703125 0.23125 0.071875 0.0375
6 0.51953125 0.24453125 0.0890625 0.034375
6 0.67421875 0.26171875 0.0984375 0.04375
6 0.4359375 0.79921875 0.08125 0.0421875
6 0.2921875 0.9015625 0.096875 0.0453125
0 0.5078125 0.4796875 0.4125 0.2671875
2 0.3734375 0.30703125 0.09375 0.03125
2 0.51953125 0.321875 0.0828125 0.034375
2 0.340625 0.66484375 0.0703125 0.03125
2 0.3375 0.70859375 0.0765625 0.03125
2 0.609375 0.73125 0.078125 0.0234375
1 0.6515625 0.9296875 0.11875 0.0453125