7 0.14921875 0.34765625 0.15859375 0.17265625
6 0.32890625 0.32890625 0.09140625 0.18515625
0 0.48671875 0.35078125 0.11640625 0.16015625
6 0.65546875 0.21328125 0.0875 0.05
6 0.65703125 0.30390625 0.09140625 0.05859375
6 0.52578125 0.58984375 0.08984375 0.05234375
2 0.16953125 0.196875 0.09140625 0.05390625
2 0.15546875 0.50234375 0.09765625 0.06875
2 0.15546875 0.59609375 0.08359375 0.05625
2 0.15703125 0.67890625 0.08359375 0.0625
2 0.52421875 0.50703125 0.10625 0.0625
2 0.52578125 0.67890625 0.10390625 0.06015625