3 0.340625 0.11015625 0.24375 0.2203125
3 0.83046875 0.2046875 0.2640625 0.271875
0 0.52578125 0.4140625 0.29375 0.2328125
2 0.509375 0.53046875 0.1140625 0.0515625
6 0.3109375 0.665625 0.1125 0.0546875
6 0.303125 0.71015625 0.09375 0.046875
6 0.2921875 0.74375 0.0921875 0.0421875
6 0.68984375 0.75625 0.0890625 0.04375
6 0.67890625 0.79375 0.0859375 0.0390625
6 0.671875 0.83515625 0.08125 0.0359375
6 0.5359375 0.91484375 0.096875 0.04375
6 0.365625 0.89140625 0.0671875 0.0640625
1 0.1921875 0.846875 0.14375 0.0828125