3 0.321875 0.07265625 0.346875 0.1453125
3 0.66015625 0.07421875 0.3375 0.13984375
7 0.37265625 0.26015625 0.1125 0.07890625
7 0.609375 0.26015625 0.125 0.075
7 0.290625 0.91015625 0.10625 0.06484375
0 0.48984375 0.91015625 0.14375 0.07890625
0 0.48671875 0.48828125 0.15234375 0.0875
1 0.690625 0.88359375 0.10234375 0.03984375
6 0.690625 0.925 0.10234375 0.03515625
6 0.44921875 0.76328125 0.10625 0.03984375
6 0.45 0.634375 0.10859375 0.03984375
6 0.26953125 0.859375 0.06015625 0.02109375
6 0.396875 0.859375 0.05234375 0.02265625
6 0.72578125 0.65859375 0.03984375 0.03125
6 0.37890625 0.38671875 0.04609375 0.05625
6 0.44375 0.38515625 0.05234375 0.05625
6 0.528125 0.38671875 0.04140625 0.05234375
6 0.59296875 0.38359375 0.03515625 0.05234375
2 0.35078125 0.459375 0.04140625 0.01875
2 0.35 0.484375 0.03984375 0.01875
2 0.52578125 0.85859375 0.04609375 0.0125