3 0.1125 0.18515625 0.1421875 0.1484375
3 0.38671875 0.1125 0.3359375 0.225
3 0.6703125 0.06171875 0.1375 0.1234375
0 0.54453125 0.4578125 0.2453125 0.178125
0 0.40078125 0.940625 0.10625 0.0828125
0 0.57890625 0.896875 0.1359375 0.1046875
2 0.36015625 0.23828125 0.028125 0.03125
2 0.41484375 0.225 0.028125 0.03125
6 0.34609375 0.3328125 0.025 0.025
6 0.3859375 0.32265625 0.025 0.03125
6 0.678125 0.27578125 0.025 0.028125
6 0.484375 0.3453125 0.028125 0.03125
6 0.60078125 0.84296875 0.046875 0.0265625
1 0.29765625 0.67890625 0.1078125 0.0546875
1 0.75546875 0.82890625 0.096875 0.0609375
7 0.434375 0.6671875 0.1390625 0.1078125
7 0.2703125 0.56953125 0.1453125 0.1125
6 0.28828125 0.5046875 0.0640625 0.03125
6 0.34296875 0.47734375 0.0359375 0.040625
6 0.7078125 0.51953125 0.034375 0.034375
6 0.7046875 0.33515625 0.046875 0.0515625
6 0.27265625 0.740625 0.0421875 0.04375
6 0.33125 0.725 0.05 0.0515625
6 0.59609375 0.5984375 0.0265625 0.0296875
6 0.709375 0.56796875 0.0328125 0.0296875
6 0.35625 0.903125 0.059375 0.034375
6 0.47734375 0.8703125 0.0453125 0.03125
6 0.76328125 0.86796875 0.0875 0.053125
6 0.4265625 0.58203125 0.0609375 0.0375