3 0.17734375 0.303125 0.190625 0.2515625
3 0.78828125 0.7109375 0.23125 0.2921875
0 0.8 0.49453125 0.165625 0.14375
0 0.4328125 0.42734375 0.10625 0.125
0 0.63046875 0.5203125 0.1140625 0.1015625
0 0.33828125 0.321875 0.1171875 0.0984375
2 0.5703125 0.4328125 0.04375 0.040625
6 0.34609375 0.1765625 0.0515625 0.046875
6 0.3109375 0.2375 0.0484375 0.0484375
6 0.28984375 0.35625 0.046875 0.04375
6 0.53046875 0.5046875 0.046875 0.0359375
1 0.55390625 0.46484375 0.046875 0.0453125
1 0.328125 0.2078125 0.04375 0.05
2 0.709375 0.5828125 0.1375 0.1125
4 0.13515625 0.4390625 0.0703125 0.0625