1 0.703125 0.03515625 0.04765625 0.0375
1 0.784375 0.03515625 0.04375 0.03125
1 0.70625 0.09921875 0.04375 0.04375
1 0.78515625 0.09921875 0.03984375 0.04375
1 0.70390625 0.16171875 0.04140625 0.03515625
1 0.78046875 0.16015625 0.04375 0.03515625
1 0.709375 0.225 0.03984375 0.04609375
1 0.78046875 0.225 0.04765625 0.03515625
7 0.05625 0.26015625 0.0375 0.04140625
7 0.10546875 0.25859375 0.03125 0.03515625
7 0.15 0.259375 0.03359375 0.03359375
7 0.2 0.26015625 0.02734375 0.03515625
0 0.38046875 0.471875 0.20625 0.20234375
0 0.69375 0.51640625 0.15234375 0.10625
0 0.478125 0.71484375 0.1125 0.11640625
0 0.7125 0.71640625 0.12265625 0.1125
0 0.29609375 0.725 0.10859375 0.06875
3 0.63671875 0.37734375 0.02265625 0.05390625
2 0.06484375 0.31875 0.01015625 0.025
2 0.26015625 0.63046875 0.01875 0.03515625
2 0.58828125 0.70390625 0.0125 0.02734375
2 0.528125 0.59453125 0.00859375 0.02734375
2 0.621875 0.60390625 0.0125 0.03125
2 0.59921875 0.434375 0.01640625 0.025
6 0.09140625 0.32109375 0.0125 0.02265625
6 0.11796875 0.31953125 0.0125 0.025
6 0.15078125 0.32109375 0.0125 0.02265625
6 0.18125 0.321875 0.01015625 0.025
6 0.20703125 0.32109375 0.01015625 0.03515625
6 0.6 0.27578125 0.00859375 0.02890625
6 0.62265625 0.27421875 0.01640625 0.02734375
6 0.646875 0.27421875 0.00625 0.01875
6 0.66796875 0.275 0.0125 0.03359375
6 0.69453125 0.27578125 0.01015625 0.02734375
6 0.71640625 0.27578125 0.01015625 0.02265625
6 0.7375 0.27265625 0.00859375 0.02265625
6 0.7625 0.27421875 0.01484375 0.02265625
6 0.78515625 0.278125 0.0125 0.02265625
6 0.27734375 0.81484375 0.01640625 0.02890625
6 0.51015625 0.82109375 0.02265625 0.03125
6 0.59609375 0.81953125 0.01484375 0.02265625
6 0.62734375 0.81796875 0.01640625 0.02890625
6 0.65703125 0.81875 0.01640625 0.02265625
6 0.690625 0.81796875 0.01015625 0.02734375
6 0.721875 0.81640625 0.01640625 0.03359375
6 0.759375 0.81953125 0.0125 0.025
2 0.371875 0.70234375 0.01015625 0.02265625
6 0.35703125 0.61875 0.025 0.01015625
2 0.2125 0.70234375 0.0125 0.02265625