3 0.1375 0.115625 0.25 0.15859375
3 0.2637729546875 0.040059348437499996 0.2654424046875 0.18941641874999998 0.4866444078125 0.19188921875 0.49415692968749997 0.1844708203125 0.49248747968749995 0.0380811078125 0.28464106875 0.035608307812500004 0.2637729546875 0.040059348437499996
3 0.5183639390625 0.035608307812500004 0.5075125203125 0.040059348437499996 0.5091819703125 0.1904055390625 0.7320534234375 0.19188921875 0.73956594375 0.1805143421875 0.73789649375 0.0390702265625 0.728714525 0.035608307812500004 0.5183639390625 0.035608307812500004
3 0.9590984984375 0.035608307812500004 0.7721202 0.035608307812500004 0.7512520874999999 0.0420375875 0.7545909859375 0.18842730000000002 0.7721202 0.19188921875 0.9774624375000001 0.1928783375 0.9833055078124999 0.1775469828125 0.9816360609375 0.0390702265625 0.9590984984375 0.035608307812500004
0 0.50390625 0.37890625 0.26484375 0.11875
0 0.49921875 0.58828125 0.28125 0.16015625
2 0.33671875 0.40625 0.02734375 0.03359375
2 0.665625 0.40546875 0.025 0.0375
2 0.30625 0.559375 0.02109375 0.03515625
2 0.3 0.60625 0.02734375 0.03515625
2 0.690625 0.55703125 0.02265625 0.03984375
6 0.45546875 0.78046875 0.1 0.03984375
6 0.41875 0.91015625 0.09140625 0.0375
1 0.56953125 0.91484375 0.11015625 0.03125
2 0.47109375 0.678125 0.05625 0.01484375
2 0.47109375 0.496875 0.05625 0.02109375