3 0.4671875 0.12578125 0.39375 0.2515625
0 0.5140625 0.5828125 0.234375 0.1625
0 0.4953125 0.32890625 0.1328125 0.1
2 0.790625 0.87578125 0.184375 0.090625
6 0.546875 0.890625 0.103125 0.0421875
6 0.30703125 0.9125 0.121875 0.0546875
6 0.56875 0.74453125 0.059375 0.0703125
6 0.484375 0.75234375 0.0546875 0.0671875
6 0.30625 0.55546875 0.0390625 0.05
6 0.2359375 0.56171875 0.0453125 0.053125
6 0.315625 0.640625 0.0390625 0.05625
6 0.24921875 0.6515625 0.0515625 0.05625
1 0.290625 0.8203125 0.109375 0.0484375
1 0.78125 0.77421875 0.1203125 0.053125
1 0.103125 0.11796875 0.10625 0.0484375
1 0.84921875 0.04921875 0.1203125 0.053125
6 0.8578125 0.13671875 0.0734375 0.03125
6 0.628125 0.303125 0.0609375 0.0640625
2 0.265625 0.33203125 0.0671875 0.0609375
2 0.79921875 0.5140625 0.04375 0.0515625
2 0.71484375 0.51953125 0.05 0.0515625
2 0.8015625 0.60234375 0.040625 0.059375
2 0.725 0.60859375 0.0453125 0.0515625
6 0.10625 0.2 0.0734375 0.0265625