0 0.51328125 0.07890625 0.14140625 0.06640625
2 0.56015625 0.03359375 0.11015625 0.0375
2 0.70078125 0.265625 0.1 0.03515625
6 0.33203125 0.26484375 0.075 0.03125
6 0.46640625 0.25859375 0.1 0.04375
6 0.409375 0.55703125 0.08984375 0.03515625
6 0.378125 0.66328125 0.05234375 0.05859375
6 0.51484375 0.665625 0.04375 0.05
6 0.653125 0.67421875 0.06015625 0.05859375
6 0.48203125 0.79375 0.11640625 0.0375
6 0.43515625 0.9125 0.12109375 0.02109375
1 0.6 0.92421875 0.13125 0.05859375
1 0.61796875 0.55703125 0.12109375 0.03125