5 0.903125 0.26328125 0.19375 0.3140625
0 0.68984375 0.6890625 0.2046875 0.2890625
6 0.890625 0.65546875 0.103125 0.0953125
6 0.8609375 0.7890625 0.1 0.1078125
6 0.840625 0.921875 0.1046875 0.0984375
6 0.73203125 0.38828125 0.1046875 0.103125
6 0.78671875 0.19375 0.078125 0.1609375
6 0.70625 0.190625 0.084375 0.1765625
6 0.62890625 0.165625 0.0796875 0.16875
6 0.5515625 0.15 0.0828125 0.165625
6 0.46640625 0.13046875 0.084375 0.18125
6 0.3859375 0.12109375 0.0890625 0.1828125
2 0.27109375 0.16875 0.2015625 0.3375
2 0.18515625 0.63203125 0.196875 0.4078125
6 0.6375 0.89375 0.1203125 0.1125
2 0.71015625 0.49921875 0.0984375 0.0921875
2 0.91640625 0.51640625 0.10625 0.10625