4 0.50234375 0.7046875 0.165625 0.090625
4 0.3921875 0.78203125 0.228125 0.1015625
4 0.7796875 0.68828125 0.184375 0.1078125
4 0.909375 0.60859375 0.1796875 0.0890625
1 0.1171875 0.17890625 0.1796875 0.0796875
1 0.58828125 0.06328125 0.1625 0.078125
4 0.1296875 0.21875 0.1359375 0.0796875
4 0.61171875 0.11171875 0.14375 0.065625
7 0.2859375 0.2390625 0.0875 0.0875
7 0.7484375 0.13515625 0.09375 0.0828125
6 0.009375 0.225 0.01875 0.084375
6 0.459375 0.11484375 0.0484375 0.0671875
6 0.74609375 0.0828125 0.075 0.0421875
6 0.2734375 0.18984375 0.0828125 0.0484375
6 0.3578125 0.21328125 0.0515625 0.0734375
6 0.83359375 0.0953125 0.05625 0.0703125
3 0.1953125 0.59921875 0.1125 0.1453125
3 0.65546875 0.503125 0.10625 0.1484375
3 0.62109375 0.83671875 0.7578125 0.3265625
3 0.03828125 0.4421875 0.0765625 0.153125