3 0.41015625 0.08046875 0.2796875 0.1609375
0 0.5484375 0.66328125 0.28125 0.1859375
0 0.49140625 0.371875 0.1953125 0.096875
6 0.2953125 0.43515625 0.1046875 0.078125
6 0.86171875 0.26640625 0.078125 0.0359375
6 0.55 0.4765625 0.084375 0.0375
6 0.36171875 0.74609375 0.059375 0.05625
6 0.34375 0.678125 0.059375 0.059375
6 0.53984375 0.8265625 0.0984375 0.053125
6 0.46484375 0.93515625 0.09375 0.046875
2 0.4921875 0.41953125 0.1 0.0421875
2 0.51015625 0.58046875 0.0890625 0.0359375
2 0.71953125 0.63203125 0.0625 0.05625
1 0.728125 0.88359375 0.10625 0.0484375
1 0.45703125 0.24921875 0.146875 0.084375