3 0.88515625 0.31640625 0.2296875 0.2453125
3 0.109375 0.65859375 0.2078125 0.1796875
5 0.6734375 0.36484375 0.1765625 0.159375
0 0.49140625 0.46015625 0.21875 0.2109375
6 0.584375 0.58515625 0.05625 0.05625
6 0.49296875 0.63515625 0.05625 0.0625
6 0.40859375 0.678125 0.0578125 0.0546875
6 0.38203125 0.590625 0.05 0.06875
6 0.3390625 0.61015625 0.05 0.0578125
6 0.30078125 0.6375 0.0421875 0.065625
6 0.284375 0.52109375 0.05625 0.0640625
2 0.33203125 0.49921875 0.05625 0.0609375
7 0.22265625 0.57578125 0.0703125 0.065625
1 0.25390625 0.6546875 0.05 0.0734375