0 0.47890625 0.26640625 0.1796875 0.1078125
0 0.4734375 0.81640625 0.21875 0.1671875
6 0.75703125 0.60703125 0.059375 0.0640625
6 0.46640625 0.634375 0.125 0.0515625
6 0.73359375 0.6890625 0.090625 0.0359375
6 0.7328125 0.7484375 0.0828125 0.04375
2 0.32109375 0.77734375 0.053125 0.0625
2 0.62734375 0.25 0.065625 0.0703125
2 0.4875 0.34765625 0.1109375 0.0421875
2 0.49296875 0.384375 0.1171875 0.0390625
2 0.50390625 0.509375 0.071875 0.06875
2 0.33046875 0.88125 0.065625 0.065625
2 0.259375 0.890625 0.0640625 0.065625
1 0.74375 0.8453125 0.15 0.0859375