1 0.07578125 0.11484375 0.1515625 0.1265625
1 0.40516994687499996 0.108692753125 0.393841603125 0.0210013125 0.2032235890625 0.046471465625 0.196811728125 0.050451337500000006 0.2106455484375 0.134711915625 0.40516994687499996 0.108692753125
1 0.51510835 0 0.50365138125 0.001610171875 0.4661096859375 0.0108446953125 0.478111546875 0.096242378125 0.49525921406249995 0.0977908125 0.6688507921875 0.0716348265625 0.6629061515625 0 0.51510835 0
1 0.8328125 0.0359375 0.215625 0.071875
1 0.07890625 0.23359375 0.1578125 0.1171875
1 0.3203125 0.203125 0.2140625 0.1234375
1 0.090625 0.35625 0.18125 0.121875
1 0.09453125 0.471875 0.1890625 0.1125
1 0.35546875 0.4328125 0.2125 0.11875
1 0.3375 0.3171875 0.2140625 0.1171875
1 0.60234375 0.27734375 0.2046875 0.115625
1 0.86328125 0.24375 0.2203125 0.11875
1 0.85234375 0.128125 0.2078125 0.1171875
1 0.59375 0.1625 0.225 0.1203125
1 0.6234375 0.39375 0.196875 0.1109375
1 0.88515625 0.3578125 0.2078125 0.1234375
2 0.721875 0.66171875 0.171875 0.084375
2 0.353125 0.921875 0.178125 0.0828125
2 0.728125 0.771875 0.165625 0.0734375
6 0.70546875 0.58671875 0.0984375 0.0359375
6 0.70078125 0.85625 0.1046875 0.0421875
0 0.3546875 0.7921875 0.259375 0.1609375
6 0.16640625 0.0609375 0.034375 0.0265625
6 0.1734375 0.10078125 0.025 0.025
6 0.7 0.00234375 0.0375 0.0046875
6 0.17890625 0.175 0.0265625 0.028125
6 0.1859375 0.21484375 0.03125 0.0265625
6 0.453125 0.1625 0.0359375 0.025
6 0.44296875 0.046875 0.05 0.0296875
6 0.7140625 0.10625 0.0296875 0.025
6 0.7265625 0.21953125 0.0375 0.0359375
6 0.46796875 0.278125 0.040625 0.028125
6 0.19921875 0.29609375 0.046875 0.034375
6 0.203125 0.3375 0.0375 0.0296875
6 0.215625 0.40859375 0.0265625 0.0203125
6 0.21796875 0.4546875 0.0328125 0.03125
6 0.4859375 0.3984375 0.0359375 0.0359375
6 0.74609375 0.3453125 0.03125 0.0328125
6 0.51953125 0.75234375 0.0328125 0.0234375
6 0.52734375 0.790625 0.034375 0.025
2 0.175 0.1421875 0.021875 0.025
2 0.43828125 0.0796875 0.025 0.01875
2 0.70078125 0.0265625 0.0296875 0.021875
2 0.7078125 0.06328125 0.0328125 0.0234375
2 0.4546875 0.19609375 0.0296875 0.021875
2 0.7171875 0.14375 0.0296875 0.021875
2 0.71953125 0.1765625 0.0296875 0.025
2 0.19375 0.25546875 0.0234375 0.01875
2 0.46796875 0.31171875 0.028125 0.028125
2 0.7328125 0.2625 0.03125 0.0265625
2 0.73359375 0.29453125 0.0375 0.0234375
2 0.20546875 0.3765625 0.034375 0.0265625
2 0.490625 0.43125 0.0296875 0.021875
2 0.75078125 0.3796875 0.025 0.0234375
2 0.75234375 0.41328125 0.03125 0.0265625
2 0.2296875 0.48984375 0.028125 0.025