3 0.8875 0.35390625 0.225 0.3046875
3 0.80234375 0.8390625 0.278125 0.2953125
3 0.04921875 0.63515625 0.0984375 0.2359375
3 0.128125 0.1703125 0.1578125 0.2265625
1 0.38203125 0.0953125 0.096875 0.0765625
1 0.36328125 0.1640625 0.096875 0.071875
1 0.346875 0.25859375 0.1015625 0.078125
1 0.321875 0.34375 0.090625 0.0640625
1 0.19921875 0.6125 0.053125 0.040625
1 0.18828125 0.65859375 0.0546875 0.04375
1 0.178125 0.7015625 0.0546875 0.0359375
1 0.16484375 0.74375 0.0578125 0.0421875
6 0.25625 0.62734375 0.0453125 0.0375
6 0.24453125 0.67265625 0.05 0.040625
6 0.23359375 0.7109375 0.053125 0.040625
6 0.22421875 0.7609375 0.0546875 0.04375
0 0.6625 0.2703125 0.2609375 0.290625
0 0.553125 0.765625 0.240625 0.3015625