3 0.5234375 0.2 0.953125 0.4
0 0.49140625 0.46328125 0.1859375 0.134375
2 0.584375 0.38046875 0.0390625 0.015625
2 0.2640625 0.46796875 0.0578125 0.025
2 0.25625 0.50625 0.0515625 0.025
2 0.63359375 0.54453125 0.0359375 0.0359375
2 0.51171875 0.553125 0.0390625 0.01875
2 0.565625 0.82109375 0.0296875 0.03125
2 0.23828125 0.875 0.0234375 0.028125
2 0.590625 0.946875 0.025 0.0265625
6 0.65546875 0.4578125 0.046875 0.0421875
6 0.67265625 0.50859375 0.065625 0.0328125
6 0.45625 0.85546875 0.071875 0.034375
6 0.353125 0.92734375 0.0734375 0.034375
1 0.4671875 0.9515625 0.09375 0.0421875