0 0.84765625 0.80859375 0.26640625 0.26484375
0 0.31875 0.37578125 0.2 0.34140625
0 0.78984375 0.29453125 0.11875 0.14609375
2 0.10390625 0.36796875 0.18125 0.22265625
2 0.83203125 0.5375 0.18515625 0.22109375
2 0.146875 0.87890625 0.13125 0.18125
4 0.56484375 0.79375 0.07890625 0.18125
4 0.05234375 0.871875 0.05 0.1875
0 0.50546875 0.2625 0.08125 0.10625
4 0.15703125 0.58359375 0.11640625 0.08515625
5 0.39765625 0.090625 0.2125 0.16875
5 0.61328125 0.08671875 0.20390625 0.16875
5 0.83125 0.07578125 0.209375 0.1515625
6 0.57109375 0.67109375 0.05625 0.02265625
6 0.65 0.67265625 0.05390625 0.02734375
2 0.73515625 0.671875 0.03984375 0.02890625
6 0.209375 0.10390625 0.025 0.06875
2 0.58671875 0.26015625 0.01875 0.05859375
2 0.684375 0.265625 0.02109375 0.04609375
1 0.925 0.23359375 0.02734375 0.10390625
1 0.93046875 0.346875 0.02890625 0.07890625
1 0.94453125 0.45 0.03125 0.08359375
6 0.63984375 0.271875 0.02734375 0.07109375
6 0.89296875 0.28515625 0.02109375 0.05625
6 0.89296875 0.36015625 0.01875 0.05
6 0.62734375 0.78125 0.025 0.07265625