3 0.53984375 0.1125 0.4015625 0.1375
3 0.48203125 0.69921875 0.4328125 0.178125
4 0.41171875 0.43515625 0.065625 0.1015625
4 0.5875 0.415625 0.0578125 0.10625
6 0.4796875 0.4296875 0.071875 0.103125
6 0.21171875 0.52578125 0.0625 0.0328125
6 0.6765625 0.4078125 0.05 0.0359375
6 0.68203125 0.4375 0.0625 0.028125
2 0.76015625 0.53359375 0.09375 0.053125
2 0.7578125 0.6078125 0.09375 0.0484375
2 0.73828125 0.66328125 0.059375 0.0328125
2 0.7453125 0.56640625 0.0578125 0.0390625
2 0.74375 0.296875 0.028125 0.05625
2 0.2078125 0.5578125 0.0671875 0.0359375
2 0.2125 0.5828125 0.0609375 0.0265625
2 0.209375 0.6140625 0.0609375 0.0328125
2 0.6796875 0.3734375 0.0546875 0.034375
0 0.68125 0.296875 0.0796875 0.0984375
2 0.684375 0.47109375 0.0859375 0.0515625