2 0.3453125 0.628125 0.184375 0.228125
2 0.74921875 0.72421875 0.1875 0.246875
2 0.94765625 0.3984375 0.1046875 0.19375
2 0.8421875 0.2421875 0.15625 0.2140625
2 0.69921875 0.21484375 0.1515625 0.21875
2 0.45546875 0.22734375 0.1515625 0.1953125
2 0.3375 0.08046875 0.15 0.1609375
2 0.5484375 0.38515625 0.1515625 0.2
2 0.703125 0.05859375 0.0625 0.0578125
2 0.453125 0.09921875 0.0625 0.0609375
2 0.25 0.265625 0.05 0.0953125
2 0.31015625 0.28125 0.0515625 0.0546875
2 0.05078125 0.46328125 0.05625 0.1078125
2 0.128125 0.47890625 0.1015625 0.0828125
2 0.16484375 0.81328125 0.0890625 0.1453125
2 0.4421875 0.78515625 0.0828125 0.15
2 0.59140625 0.7140625 0.0734375 0.1390625
2 0.69765625 0.45 0.0484375 0.0828125
2 0.7859375 0.37421875 0.06875 0.0625
2 0.95078125 0.5390625 0.0796875 0.0609375
2 0.86484375 0.9171875 0.08125 0.1359375
2 0.74375 0.88046875 0.0625 0.0578125
2 0.5828125 0.92421875 0.0796875 0.1484375
2 0.28125 0.77890625 0.0671875 0.0640625
2 0.5390625 0.52734375 0.0734375 0.0640625
6 0.2328125 0.04375 0.046875 0.0875
6 0.46171875 0.03046875 0.0640625 0.0484375
6 0.61328125 0.125 0.040625 0.0890625
6 0.56328125 0.121875 0.046875 0.0921875
6 0.51953125 0.075 0.0390625 0.090625
6 0.9875 0.16328125 0.025 0.0828125
6 0.93515625 0.23203125 0.0359375 0.065625
6 0.98515625 0.278125 0.0296875 0.05
6 0.65625 0.42265625 0.03125 0.0734375
6 0.62109375 0.56171875 0.0359375 0.0796875
6 0.67109375 0.5703125 0.034375 0.065625
6 0.46484375 0.66484375 0.0609375 0.0546875
6 0.321875 0.20078125 0.065625 0.0625
6 0.26484375 0.46640625 0.0390625 0.0765625
6 0.21328125 0.45078125 0.040625 0.0734375
6 0.078125 0.59296875 0.04375 0.0875
6 0.1375 0.60078125 0.0421875 0.065625
6 0.1953125 0.61171875 0.046875 0.078125
6 0.05 0.75703125 0.0328125 0.06875
6 0.50625 0.86015625 0.046875 0.0796875
6 0.4828125 0.9640625 0.05 0.0421875
6 0.8671875 0.75625 0.05625 0.0609375
6 0.6703125 0.97421875 0.059375 0.0515625
6 0.2140625 0.91953125 0.053125 0.0515625
6 0.06015625 0.88203125 0.059375 0.0640625
6 0.57265625 0.246875 0.0609375 0.0671875
7 0.31015625 0.88984375 0.0671875 0.1171875
7 0.7703125 0.96015625 0.06875 0.0796875
7 0.41640625 0.9078125 0.0640625 0.10625
0 0.38125 0.41953125 0.1390625 0.1828125