7 0.8875 0.1875 0.15625 0.14765625
7 0.65390625 0.88203125 0.13984375 0.15390625
0 0.34609375 0.5625 0.19609375 0.23125
6 0.08515625 0.41328125 0.11875 0.05234375
6 0.08984375 0.490625 0.10390625 0.0625
6 0.084375 0.57421875 0.10390625 0.06015625
6 0.090625 0.66171875 0.08359375 0.05
6 0.153125 0.82265625 0.05 0.09765625
6 0.2375 0.82890625 0.04609375 0.1125
6 0.32890625 0.83984375 0.04375 0.11015625
6 0.415625 0.83984375 0.05 0.11484375
6 0.659375 0.74609375 0.09375 0.05
6 0.65703125 0.66015625 0.09609375 0.05859375
6 0.66328125 0.57265625 0.10625 0.05625
6 0.6625 0.49375 0.09765625 0.05
6 0.88515625 0.31640625 0.10234375 0.05390625
6 0.65859375 0.29296875 0.11875 0.05
6 0.65703125 0.215625 0.11875 0.06015625
6 0.471875 0.28828125 0.06875 0.1
6 0.3875 0.2875 0.05859375 0.10859375
6 0.23125 0.28671875 0.04609375 0.0875
1 0.66640625 0.125 0.125 0.05390625
2 0.22578125 0.13828125 0.06640625 0.11640625
2 0.39140625 0.13359375 0.05390625 0.11015625
2 0.47265625 0.13515625 0.0625 0.12109375
2 0.30390625 0.30625 0.06015625 0.07265625
2 0.67109375 0.38828125 0.12890625 0.1