3 0.2765625 0.053125 0.284375 0.10625
3 0.5703125 0.0890625 0.265625 0.1671875
3 0.84453125 0.228125 0.3109375 0.3625
4 0.1265625 0.34296875 0.0921875 0.0984375
4 0.23359375 0.37109375 0.08125 0.0921875
4 0.35078125 0.39375 0.0875 0.0859375
4 0.46875 0.42421875 0.06875 0.0859375
4 0.58203125 0.4515625 0.0859375 0.090625
4 0.68671875 0.46953125 0.08125 0.0796875
4 0.8015625 0.4953125 0.0890625 0.0875
4 0.91171875 0.525 0.0828125 0.084375
2 0.09921875 0.246875 0.05625 0.04375
2 0.2171875 0.2765625 0.0484375 0.04375
2 0.33125 0.3 0.0390625 0.034375
2 0.44765625 0.325 0.0421875 0.040625
2 0.56640625 0.35390625 0.040625 0.0390625
2 0.6859375 0.38046875 0.0453125 0.0359375
2 0.803125 0.40625 0.0484375 0.0375
2 0.91953125 0.43359375 0.053125 0.04375
2 0.17890625 0.434375 0.078125 0.0390625
2 0.17265625 0.46015625 0.075 0.0375
2 0.16484375 0.48359375 0.0671875 0.03125
2 0.15859375 0.50390625 0.0671875 0.034375
2 0.15 0.528125 0.0703125 0.028125
2 0.909375 0.63046875 0.0765625 0.034375
2 0.72421875 0.56875 0.0546875 0.0390625
2 0.8984375 0.65390625 0.0640625 0.0296875
2 0.8875 0.67890625 0.0875 0.0390625
2 0.7796875 0.7046875 0.0796875 0.0359375
2 0.76953125 0.74921875 0.0734375 0.03125
2 0.73359375 0.7890625 0.071875 0.034375
2 0.73203125 0.8125 0.0859375 0.0390625
2 0.16953125 0.65703125 0.08125 0.0359375
2 0.1578125 0.70078125 0.078125 0.0375
2 0.20859375 0.8890625 0.1015625 0.0484375
2 0.71015625 0.98203125 0.0640625 0.0359375
0 0.584375 0.9625 0.125 0.075
0 0.4765625 0.6171875 0.4859375 0.3
6 0.15703125 0.2578125 0.0421875 0.0484375
6 0.2765625 0.284375 0.0421875 0.0421875
6 0.39296875 0.3125 0.05 0.0421875
6 0.51171875 0.33828125 0.0546875 0.0375
6 0.628125 0.36640625 0.05 0.0421875
6 0.74609375 0.390625 0.0515625 0.0375
6 0.8578125 0.42265625 0.05 0.0421875
6 0.97734375 0.44375 0.0453125 0.0375
6 0.903125 0.60390625 0.0703125 0.0375
6 0.2671875 0.7359375 0.053125 0.053125
6 0.3265625 0.74921875 0.0484375 0.0484375
6 0.375 0.7625 0.0484375 0.0421875
6 0.4328125 0.77265625 0.0453125 0.0390625
6 0.4890625 0.78515625 0.05 0.04375
6 0.53671875 0.796875 0.0390625 0.0453125
6 0.5921875 0.8109375 0.046875 0.0453125
6 0.16171875 0.784375 0.065625 0.034375
6 0.159375 0.81171875 0.065625 0.0328125
6 0.38046875 0.86484375 0.0796875 0.0375
6 0.51171875 0.89453125 0.078125 0.0375
6 0.6375 0.92265625 0.0796875 0.0390625
1 0.396875 0.93046875 0.1109375 0.0546875