1 0.234375 0.06796875 0.053125 0.04375
1 0.15390625 0.07890625 0.0484375 0.0375
1 0.23984375 0.13203125 0.05 0.05
1 0.16171875 0.14296875 0.0453125 0.0484375
1 0.25078125 0.19375 0.0453125 0.040625
1 0.175 0.20234375 0.0484375 0.040625
1 0.2546875 0.25703125 0.0453125 0.0515625
1 0.184375 0.26640625 0.0515625 0.0421875
7 0.90625 0.20078125 0.0421875 0.046875
7 0.85703125 0.20625 0.0359375 0.0390625
7 0.81328125 0.21328125 0.0375 0.0375
7 0.7640625 0.22109375 0.03125 0.0390625
0 0.61484375 0.45546875 0.2328125 0.2296875
0 0.31015625 0.54296875 0.165625 0.1265625
0 0.5515625 0.709375 0.128125 0.13125
0 0.31953125 0.74375 0.1375 0.128125
0 0.73359375 0.69453125 0.1171875 0.0828125
3 0.34765625 0.39765625 0.0296875 0.05625
2 0.90546875 0.26015625 0.0140625 0.0265625
2 0.75546875 0.59609375 0.0234375 0.0375
2 0.440625 0.7140625 0.015625 0.028125
2 0.48515625 0.59765625 0.0125 0.028125
2 0.39375 0.61953125 0.0171875 0.0328125
2 0.39296875 0.4484375 0.0203125 0.0265625
6 0.8796875 0.265625 0.015625 0.0234375
6 0.853125 0.26796875 0.015625 0.0265625
6 0.82109375 0.27421875 0.015625 0.0234375
6 0.790625 0.27890625 0.0140625 0.0265625
6 0.76484375 0.28203125 0.015625 0.0359375
6 0.36953125 0.2921875 0.0125 0.0296875
6 0.346875 0.29375 0.0203125 0.0296875
6 0.3234375 0.296875 0.009375 0.01875
6 0.30234375 0.30078125 0.0171875 0.034375
6 0.27578125 0.3046875 0.0140625 0.028125
6 0.2546875 0.3078125 0.0125 0.0234375
6 0.2328125 0.3078125 0.0109375 0.0234375
6 0.20859375 0.31328125 0.0171875 0.025
6 0.18671875 0.3203125 0.015625 0.0234375
6 0.7640625 0.78046875 0.0203125 0.03125
6 0.534375 0.81953125 0.0265625 0.034375
6 0.44921875 0.8296875 0.0171875 0.025
6 0.41796875 0.8328125 0.0203125 0.03125
6 0.3890625 0.8375 0.01875 0.025
6 0.35546875 0.84140625 0.0140625 0.028125
6 0.32421875 0.84453125 0.0203125 0.0359375
6 0.2875 0.85234375 0.015625 0.0265625
2 0.6546875 0.6828125 0.0125 0.0234375
6 0.6578125 0.59765625 0.0265625 0.0140625
2 0.8125 0.66015625 0.015625 0.0234375