1 0.21953125 0.2734375 0.0625 0.065625
1 0.2984375 0.2484375 0.0625 0.08125
1 0.37421875 0.22265625 0.05625 0.0734375
1 0.44609375 0.1953125 0.0546875 0.071875
1 0.521875 0.16953125 0.053125 0.071875
1 0.59296875 0.1484375 0.05625 0.0796875
1 0.66171875 0.1234375 0.0546875 0.0703125
1 0.73125 0.1 0.05625 0.0890625
3 0.20390625 0.6625 0.090625 0.184375
4 0.58984375 0.5046875 0.034375 0.05
4 0.62265625 0.4828125 0.0328125 0.053125
4 0.659375 0.47890625 0.0359375 0.06875
4 0.69140625 0.4625 0.0328125 0.065625
4 0.72265625 0.44765625 0.03125 0.05625
4 0.7546875 0.43359375 0.034375 0.0625
4 0.79296875 0.42890625 0.0421875 0.065625
4 0.821875 0.4125 0.0328125 0.0734375
0 0.5129383765625 0.46488490000000005 0.32327093125 0.5343354109375 0.346556278125 0.6804667484375 0.5374711765625 0.5981629546875 0.5129383765625 0.46488490000000005
2 0.19453125 0.44375 0.0359375 0.059375
2 0.16171875 0.4609375 0.0359375 0.0453125
1 0.2109375 0.54296875 0.034375 0.05
6 0.18203125 0.559375 0.0390625 0.05625
6 0.30859375 0.6 0.0328125 0.05
6 0.28046875 0.61171875 0.034375 0.046875
6 0.2515625 0.61953125 0.0359375 0.059375