3 0.88125 0.30390625 0.225 0.2375
3 0.11484375 0.671875 0.20234375 0.17265625
5 0.66875 0.35859375 0.17109375 0.15390625
0 0.48984375 0.46015625 0.2125 0.20390625
6 0.5875 0.58203125 0.05390625 0.05390625
6 0.49765625 0.63515625 0.05390625 0.06015625
6 0.41484375 0.68125 0.05625 0.05234375
6 0.38515625 0.59453125 0.04765625 0.06640625
6 0.34296875 0.615625 0.04765625 0.05625
6 0.30546875 0.64453125 0.03984375 0.06484375
6 0.28515625 0.52890625 0.05390625 0.0625
2 0.33203125 0.50546875 0.05390625 0.05859375
7 0.22578125 0.58515625 0.06875 0.0625
1 0.259375 0.66328125 0.04765625 0.07109375