3 0.23671875 0.11875 0.36875 0.2140625
3 0.5671875 0.0765625 0.359375 0.153125
7 0.32578125 0.2921875 0.1265625 0.1
7 0.55703125 0.24296875 0.1375 0.1
7 0.38046875 0.94453125 0.1171875 0.0859375
0 0.575 0.903125 0.15625 0.1078125
0 0.484375 0.49140625 0.1671875 0.1171875
1 0.76640625 0.8359375 0.1078125 0.0609375
6 0.775 0.87578125 0.1078125 0.05625
6 0.5046875 0.76796875 0.1125 0.0609375
6 0.47890625 0.6421875 0.1140625 0.0609375
6 0.34921875 0.89921875 0.0625 0.0328125
6 0.47421875 0.87265625 0.05625 0.0328125
6 0.75390625 0.6078125 0.0453125 0.0390625
6 0.3578125 0.4140625 0.05625 0.0640625
6 0.42109375 0.39921875 0.0625 0.065625
6 0.50390625 0.38359375 0.0515625 0.059375
6 0.56640625 0.3671875 0.0453125 0.0578125
2 0.3453125 0.49140625 0.04375 0.0265625
2 0.35 0.515625 0.0421875 0.0265625
2 0.6 0.8453125 0.0484375 0.021875