0 0.503125 0.60625 0.41875 0.2015625
2 0.75234375 0.378125 0.109375 0.0390625
2 0.275 0.4046875 0.0921875 0.0328125
4 0.26328125 0.80703125 0.1421875 0.0484375
0 0.78125 0.8046875 0.1375 0.1
4 0.653125 0.79375 0.0734375 0.0875
1 0.4828125 0.88203125 0.1109375 0.046875
1 0.78828125 0.603125 0.0796875 0.0734375
1 0.21328125 0.58046875 0.06875 0.0703125
6 0.75390625 0.425 0.0859375 0.025
6 0.746875 0.471875 0.1078125 0.040625
6 0.5375 0.41171875 0.075 0.0234375
6 0.409375 0.409375 0.08125 0.025
6 0.52734375 0.36015625 0.0484375 0.0421875
6 0.45390625 0.3546875 0.0390625 0.0421875
6 0.78828125 0.665625 0.078125 0.03125
6 0.3203125 0.86875 0.0921875 0.04375
6 0.2109375 0.646875 0.0671875 0.0296875
2 0.79140625 0.72890625 0.078125 0.025
2 0.27421875 0.75546875 0.1046875 0.04375
2 0.54921875 0.76171875 0.0859375 0.025
6 0.675 0.890625 0.0671875 0.0265625