3 0.27578125 0.228125 0.37734375 0.0875
3 0.665625 0.228125 0.36484375 0.08984375
7 0.10859375 0.59921875 0.03984375 0.03359375
7 0.31015625 0.596875 0.04609375 0.03515625
7 0.50390625 0.6 0.0375 0.0375
7 0.70390625 0.59921875 0.05390625 0.0375
4 0.171875 0.55859375 0.07734375 0.03984375
4 0.37578125 0.56015625 0.06875 0.03359375
4 0.5625 0.56015625 0.07109375 0.03125
4 0.76171875 0.55859375 0.07265625 0.02734375
1 0.25703125 0.753125 0.05 0.02734375
1 0.3375 0.75078125 0.05234375 0.03125
1 0.41796875 0.75078125 0.04609375 0.02265625
1 0.50625 0.753125 0.05 0.02734375
3 0.72578125 0.74609375 0.19609375 0.03984375
3 0.8875 0.63828125 0.03984375 0.08359375
0 0.196875 0.65546875 0.0625 0.10859375
0 0.4125 0.66015625 0.0625 0.10859375
0 0.60546875 0.65703125 0.06015625 0.10234375
0 0.81484375 0.65859375 0.0625 0.11484375
6 0.109375 0.65625 0.05859375 0.03125
6 0.10625 0.69453125 0.05859375 0.02265625
6 0.32421875 0.65390625 0.05390625 0.02890625
6 0.325 0.68984375 0.05625 0.02890625
6 0.51328125 0.65390625 0.06015625 0.03515625
6 0.51015625 0.68828125 0.0625 0.02734375
6 0.71171875 0.65625 0.06015625 0.02734375
6 0.70859375 0.68984375 0.0625 0.025