3 0.7171875 0.0984375 0.4234375 0.16875
3 0.2296875 0.115625 0.4140625 0.14375
3 0.96015625 0.33125 0.0640625 0.2125
3 0.02109375 0.32578125 0.0421875 0.1796875
3 0.0546875 0.6828125 0.0890625 0.35
3 0.50859375 0.78828125 0.2359375 0.11875
3 0.5984375 0.934375 0.0828125 0.125
4 0.90546875 0.60625 0.025 0.128125
4 0.84453125 0.61328125 0.0265625 0.1140625
4 0.78515625 0.6140625 0.0265625 0.103125
4 0.72265625 0.61328125 0.0265625 0.109375
4 0.66640625 0.609375 0.0265625 0.0796875
4 0.60390625 0.61953125 0.021875 0.1
4 0.55625 0.62734375 0.025 0.0859375
4 0.47890625 0.6296875 0.0234375 0.1015625
4 0.43125 0.6328125 0.0296875 0.0796875
4 0.3703125 0.634375 0.0265625 0.1046875
4 0.3125 0.63203125 0.0265625 0.0796875
4 0.25390625 0.6453125 0.0265625 0.096875
4 0.19140625 0.64453125 0.0234375 0.096875
4 0.12890625 0.65 0.0265625 0.096875
4 0.7875 0.7203125 0.0359375 0.0421875
4 0.72421875 0.72578125 0.0421875 0.03125
4 0.26328125 0.75625 0.0453125 0.0328125
4 0.20078125 0.75625 0.0375 0.05
0 0.78125 0.81015625 0.0546875 0.090625
0 0.26015625 0.83125 0.0578125 0.08125
2 0.81484375 0.89375 0.0265625 0.034375
2 0.784375 0.90078125 0.0359375 0.05
2 0.2953125 0.9140625 0.025 0.0453125
2 0.2546875 0.89140625 0.0546875 0.05
1 0.74140625 0.86953125 0.0390625 0.0703125
1 0.3421875 0.88046875 0.0359375 0.0796875
4 0.3890625 0.875 0.034375 0.0546875
4 0.67265625 0.8515625 0.04375 0.05625
6 0.7984375 0.9390625 0.0546875 0.046875
6 0.72890625 0.92890625 0.0359375 0.0375
6 0.675 0.896875 0.0375 0.0515625
6 0.43125 0.9390625 0.046875 0.0625
6 0.35078125 0.94296875 0.0421875 0.0484375
6 0.28515625 0.95859375 0.04375 0.0375
6 0.20078125 0.9609375 0.0484375 0.03125