4 0.22890625 0.25703125 0.11640625 0.03515625
4 0.5 0.25625 0.13515625 0.04140625
4 0.775 0.25859375 0.11875 0.03515625
3 0.22109375 0.078125 0.24140625 0.15625
3 0.49921875 0.075 0.24609375 0.15
3 0.771875 0.075 0.25625 0.15
6 0.46640625 0.78828125 0.09375 0.03515625
6 0.42578125 0.92734375 0.07890625 0.03125
6 0.721875 0.6 0.07890625 0.03125
6 0.15625 0.334375 0.075 0.02734375
6 0.83671875 0.33203125 0.07890625 0.025
0 0.496875 0.46328125 0.34609375 0.14609375
2 0.28359375 0.33203125 0.06640625 0.02265625
2 0.50078125 0.33125 0.07890625 0.01875
2 0.71796875 0.3375 0.06640625 0.02734375
1 0.57578125 0.93125 0.09140625 0.05