3 0.82421875 0.47578125 0.1640625 0.5609375
3 0.12734375 0.39765625 0.0859375 0.2140625
3 0.0984375 0.6046875 0.0953125 0.1421875
1 0.23046875 0.29296875 0.0375 0.0671875
7 0.346875 0.2828125 0.0640625 0.06875
4 0.34765625 0.3796875 0.04375 0.075
4 0.33671875 0.665625 0.0484375 0.0796875
7 0.3234375 0.778125 0.0625 0.0734375
6 0.21328125 0.7 0.0390625 0.06875
6 0.26875 0.69921875 0.034375 0.059375
1 0.2078125 0.790625 0.0390625 0.075
6 0.22734375 0.36015625 0.04375 0.0640625
6 0.2890625 0.36328125 0.0390625 0.075
0 0.25 0.45703125 0.1375 0.0859375
0 0.24296875 0.546875 0.153125 0.1203125