3 0.08828125 0.7375 0.06015625 0.0625
3 0.14921875 0.740625 0.07734375 0.07109375
3 0.21640625 0.73359375 0.05390625 0.07109375
3 0.28203125 0.73828125 0.06640625 0.07890625
3 0.34296875 0.7375 0.05859375 0.08515625
3 0.40703125 0.73515625 0.07265625 0.08125
3 0.46953125 0.73046875 0.05390625 0.08359375
3 0.534375 0.740625 0.05625 0.07890625
3 0.59609375 0.7375 0.06640625 0.0875
3 0.096875 0.3875 0.05625 0.05859375
3 0.159375 0.38671875 0.05859375 0.0625
3 0.21796875 0.38125 0.06015625 0.06640625
3 0.28515625 0.3875 0.05859375 0.075
3 0.34609375 0.39140625 0.0625 0.07109375
3 0.41328125 0.39609375 0.06875 0.06640625
3 0.47265625 0.39765625 0.06640625 0.08125
3 0.53671875 0.38984375 0.06484375 0.07265625
3 0.60390625 0.390625 0.06015625 0.075