1 0.55625 0.7421875 0.0453125 0.059375
1 0.50625 0.740625 0.0421875 0.053125
1 0.45390625 0.74453125 0.0453125 0.0546875
2 0.50234375 0.64140625 0.028125 0.0171875
2 0.4625 0.6421875 0.034375 0.0171875
2 0.54921875 0.60625 0.025 0.0125
2 0.50390625 0.60703125 0.025 0.015625
2 0.4609375 0.609375 0.028125 0.015625
2 0.54765625 0.57421875 0.0296875 0.0171875
2 0.50390625 0.575 0.028125 0.0171875
2 0.46171875 0.5734375 0.025 0.0125
2 0.503125 0.53984375 0.0234375 0.0125
6 0.55546875 0.33125 0.0109375 0.015625
6 0.53828125 0.33046875 0.0109375 0.015625
6 0.52265625 0.33046875 0.0109375 0.015625
6 0.45 0.36953125 0.015625 0.0234375
2 0.4765625 0.36796875 0.01875 0.025
3 0.49765625 0.2375 0.1203125 0.08125