2 0.12890625 0.14921875 0.21484375 0.25859375
2 0.23828125 0.734375 0.15234375 0.07109375
2 0.13125 0.93203125 0.08359375 0.04765625
7 0.55625 0.19453125 0.11640625 0.10390625
7 0.63828125 0.37265625 0.12890625 0.09765625
7 0.30078125 0.53203125 0.11484375 0.09140625
7 0.45 0.53125 0.11015625 0.08515625
7 0.634375 0.53359375 0.1375 0.08359375
7 0.45234375 0.70078125 0.14609375 0.0875
7 0.62890625 0.69921875 0.12734375 0.08359375
7 0.29140625 0.91484375 0.13125 0.08984375
7 0.81875 0.75625 0.125 0.08125
7 0.82109375 0.93984375 0.1125 0.08359375
6 0.21953125 0.609375 0.05390625 0.03125
6 0.44296875 0.18203125 0.04140625 0.08125
6 0.45546875 0.365625 0.03515625 0.06640625
6 0.521875 0.371875 0.03125 0.07109375
6 0.66015625 0.171875 0.0375 0.0625
6 0.72734375 0.17578125 0.03515625 0.07734375
6 0.85703125 0.61171875 0.03984375 0.08984375
6 0.921875 0.803125 0.03984375 0.0625
6 0.92109375 0.95078125 0.04140625 0.0625