3 0.13359375 0.4640625 0.2671875 0.478125
0 0.63515625 0.6796875 0.19375 0.253125
0 0.65234375 0.2078125 0.3421875 0.30625
1 0.32890625 0.7390625 0.1015625 0.0734375
4 0.3609375 0.48515625 0.0890625 0.071875
4 0.35859375 0.4125 0.0796875 0.0734375
4 0.365625 0.325 0.0765625 0.0828125
1 0.73125 0.5125 0.096875 0.0625
6 0.3421875 0.64453125 0.0734375 0.0625
2 0.35390625 0.5703125 0.0625 0.0453125
2 0.56796875 0.41328125 0.0890625 0.05625
2 0.5625 0.50703125 0.06875 0.05
6 0.7421875 0.434375 0.075 0.0453125
6 0.37734375 0.24140625 0.071875 0.046875
6 0.37421875 0.16328125 0.075 0.053125
6 0.378125 0.078125 0.078125 0.0453125