3 0.71328125 0.275 0.34140625 0.25
4 0.503125 0.65 0.07109375 0.06640625
4 0.30234375 0.50078125 0.05234375 0.04140625
7 0.575 0.715625 0.05234375 0.06015625
7 0.221875 0.453125 0.05234375 0.04140625
6 0.23984375 0.52578125 0.05 0.04375
6 0.47421875 0.70078125 0.04609375 0.03515625
6 0.43828125 0.72109375 0.03984375 0.0375
3 0.16640625 0.565625 0.11484375 0.14375
3 0.33203125 0.7 0.14609375 0.16875
1 0.49453125 0.76328125 0.04140625 0.04609375
0 0.37578125 0.61328125 0.11875 0.1
0 0.31015625 0.57109375 0.12109375 0.09765625