4 0.54140625 0.2 0.0625 0.075
7 0.24140625 0.31953125 0.05625 0.04609375
7 0.028125 0.328125 0.05625 0.05
7 0.41875 0.40859375 0.05234375 0.04375
6 0.54765625 0.06484375 0.06640625 0.075
6 0.01875 0.221875 0.0375 0.01875
6 0.08125 0.26875 0.02734375 0.04140625
6 0.12421875 0.26640625 0.025 0.0375
6 0.16953125 0.2625 0.0375 0.03984375
6 0.2125 0.2625 0.02734375 0.04375
6 0.128125 0.33125 0.02734375 0.04765625
6 0.175 0.33046875 0.03515625 0.04375
6 0.35703125 0.37421875 0.02890625 0.03984375
6 0.44453125 0.2875 0.05234375 0.02109375
6 0.45078125 0.33046875 0.05 0.025
6 0.48359375 0.41484375 0.025 0.0375
6 0.50078125 0.46484375 0.04375 0.01484375
6 0.46484375 0.49609375 0.03515625 0.01640625
6 0.42421875 0.44921875 0.05234375 0.02109375
2 0.21640625 0.14609375 0.02734375 0.04140625
0 0.096875 0.090625 0.19375 0.15859375
3 0.6875 0.26484375 0.22890625 0.38125
2 0.315625 0.01171875 0.04375 0.02265625