4 0.2546875 0.8234375 0.253125 0.1640625
5 0.728125 0.12578125 0.2 0.2140625
6 0.48359375 0.08125 0.071875 0.0609375
6 0.46171875 0.1734375 0.0921875 0.075
6 0.32265625 0.15078125 0.075 0.053125
6 0.20390625 0.265625 0.0515625 0.10625
6 0.18671875 0.42890625 0.05 0.109375
2 0.328125 0.0671875 0.0921875 0.0625
2 0.7609375 0.2875 0.0890625 0.08125
2 0.5875 0.26328125 0.0859375 0.0515625
2 0.9359375 0.52734375 0.1109375 0.23125
2 0.06875 0.42578125 0.1296875 0.2328125
2 0.159375 0.61171875 0.0453125 0.1109375
0 0.3375 0.46484375 0.2609375 0.321875