0 0.40703125 0.54765625 0.16484375 0.15
0 0.58125 0.54609375 0.15234375 0.13359375
0 0.13828125 0.1 0.25234375 0.16640625
0 0.47578125 0.059375 0.3375 0.09765625
3 0.8796875 0.071875 0.240625 0.140625
7 0.50546875 0.26796875 0.11640625 0.05859375
6 0.228125 0.92578125 0.12890625 0.03125
6 0.50390625 0.69140625 0.08359375 0.07109375
6 0.603125 0.68984375 0.08125 0.06875
6 0.53203125 0.78671875 0.12109375 0.02890625
6 0.23359375 0.82421875 0.10859375 0.03125
6 0.809375 0.66484375 0.05 0.05859375
6 0.696875 0.85625 0.11640625 0.03984375
6 0.08125 0.38125 0.11640625 0.02265625
6 0.03828125 0.30625 0.04140625 0.0625
6 0.2125 0.31015625 0.05 0.05859375
6 0.38828125 0.30625 0.06015625 0.06015625
6 0.33671875 0.17421875 0.05234375 0.05
6 0.425 0.175 0.04765625 0.06015625
6 0.70390625 0.24765625 0.04765625 0.05390625
6 0.61640625 0.24921875 0.05234375 0.05390625
6 0.58671875 0.409375 0.06484375 0.06015625
6 0.528125 0.33671875 0.16640625 0.03125
2 0.71171875 0.05859375 0.06484375 0.075
2 0.12109375 0.303125 0.06875 0.075
2 0.29921875 0.30703125 0.07265625 0.06484375
2 0.78984375 0.25 0.06484375 0.05859375
6 0.209375 0.403125 0.05 0.07109375
2 0.81484375 0.38984375 0.325 0.15234375
2 0.521875 0.884375 0.12890625 0.10859375
7 0.33203125 0.41640625 0.0875 0.06640625
7 0.478125 0.415625 0.10390625 0.08125
7 0.69453125 0.1625 0.09375 0.07109375
7 0.5625 0.16328125 0.1125 0.06640625
7 0.915625 0.24375 0.11640625 0.06875
1 0.709375 0.92265625 0.16875 0.07109375
1 0.70703125 0.79921875 0.18359375 0.0625