7 0.60703125 0.11328125 0.13125 0.1171875
7 0.3875 0.228125 0.125 0.109375
7 0.3703125 0.7984375 0.121875 0.1140625
4 0.26640625 0.2609375 0.071875 0.0671875
0 0.57109375 0.80234375 0.2625 0.3078125
6 0.634375 0.20703125 0.065625 0.04375
6 0.67421875 0.3484375 0.0421875 0.0796875
6 0.5578125 0.2046875 0.0265625 0.0578125
6 0.48671875 0.18515625 0.0515625 0.0484375
6 0.378125 0.90859375 0.0546875 0.040625
6 0.7546875 0.65078125 0.0359375 0.065625
6 0.7140625 0.5703125 0.0515625 0.08125
2 0.725 0.7375 0.059375 0.0703125
2 0.39375 0.94765625 0.0578125 0.034375