0 0.10078125 0.68828125 0.15390625 0.23515625
0 0.096875 0.203125 0.15234375 0.24765625
0 0.63046875 0.23125 0.13515625 0.24765625
2 0.36875 0.83125 0.09375 0.07109375
2 0.41796875 0.590625 0.12734375 0.09375
2 0.22578125 0.18515625 0.13359375 0.08125
2 0.79296875 0.1625 0.05859375 0.14609375
2 0.903125 0.30234375 0.08359375 0.125
2 0.478125 0.34921875 0.11015625 0.13984375
6 0.10234375 0.42265625 0.12734375 0.09765625
6 0.26796875 0.42578125 0.1125 0.07734375
6 0.27421875 0.6875 0.04140625 0.21875
6 0.21640625 0.65703125 0.05234375 0.18359375
6 0.809375 0.415625 0.1125 0.05390625
6 0.88203125 0.52734375 0.11015625 0.05234375