3 0.88359375 0.77578125 0.18359375 0.31875
1 0.278125 0.275 0.08125 0.12890625
1 0.50859375 0.29296875 0.07890625 0.14140625
1 0.73515625 0.28203125 0.08359375 0.125
2 0.25546875 0.184375 0.02890625 0.03359375
2 0.31484375 0.196875 0.02109375 0.03125
2 0.69765625 0.2 0.03125 0.03515625
6 0.76328125 0.2 0.02734375 0.02734375
6 0.31484375 0.42265625 0.0375 0.05
6 0.50703125 0.40625 0.04140625 0.03984375
6 0.76640625 0.425 0.03359375 0.04765625
6 0.76171875 0.50625 0.02890625 0.03125
7 0.70390625 0.38515625 0.04609375 0.075
7 0.25390625 0.37890625 0.0375 0.075
6 0.32109375 0.50078125 0.02265625 0.03515625
6 0.51484375 0.52421875 0.04140625 0.05625
1 0.70390625 0.50078125 0.02734375 0.04765625
1 0.25234375 0.50234375 0.0375 0.04609375
2 0.26796875 0.55234375 0.03984375 0.03125
2 0.73671875 0.56015625 0.03125 0.03359375