3 0.52734375 0.22734375 0.6 0.1859375
3 0.35390625 0.79296875 0.1984375 0.06875
3 0.61953125 0.83046875 0.1609375 0.065625
7 0.77421875 0.66875 0.0734375 0.05
7 0.2140625 0.60234375 0.071875 0.059375
1 0.2171875 0.69921875 0.075 0.0421875
1 0.7703125 0.7625 0.0703125 0.0484375
6 0.678125 0.7078125 0.0734375 0.0328125
6 0.68046875 0.753125 0.06875 0.0390625
6 0.30234375 0.665625 0.0578125 0.0296875
6 0.3046875 0.70390625 0.0640625 0.040625
4 0.346875 0.6171875 0.11875 0.0453125
4 0.6546875 0.6484375 0.0890625 0.040625
0 0.534375 0.70859375 0.0890625 0.1234375
0 0.4421875 0.69765625 0.10625 0.13125