3 0.8296875 0.4203125 0.3375 0.840625
0 0.20546875 0.46953125 0.1890625 0.1859375
0 0.23125 0.6234375 0.2 0.165625
3 0.1015625 0.7765625 0.134375 0.2359375
3 0.04921875 0.38984375 0.0984375 0.2890625
4 0.36640625 0.7703125 0.0640625 0.14375
4 0.27109375 0.29609375 0.065625 0.1421875
7 0.22578125 0.11328125 0.0828125 0.103125
1 0.10234375 0.14375 0.0515625 0.0953125
1 0.27109375 0.96015625 0.0609375 0.0796875
7 0.39453125 0.94140625 0.0828125 0.1171875
6 0.3015625 0.82890625 0.0578125 0.1078125
6 0.24375 0.8390625 0.0546875 0.0953125
6 0.1875 0.25703125 0.05 0.09375
6 0.12578125 0.28671875 0.0671875 0.1140625