0 0.50625 0.33203125 0.22734375 0.12890625
6 0.38671875 0.759375 0.1 0.05
6 0.38515625 0.69453125 0.10234375 0.04140625
6 0.39296875 0.63671875 0.1 0.04375
6 0.70625 0.63046875 0.09765625 0.03984375
6 0.80546875 0.83203125 0.04140625 0.09140625
6 0.75625 0.33515625 0.09375 0.04375
6 0.253125 0.39453125 0.09765625 0.04765625
6 0.25546875 0.33359375 0.09375 0.04375
6 0.259375 0.27890625 0.08359375 0.0375
2 0.41875 0.18515625 0.06640625 0.09765625
2 0.578125 0.18125 0.05859375 0.0875
1 0.64765625 0.8375 0.16015625 0.11875