0 0.28359375 0.446875 0.13984375 0.125
3 0.178125 0.86953125 0.3125 0.26015625
1 0.45625 0.84765625 0.13515625 0.12265625
1 0.64765625 0.84453125 0.10625 0.12109375
7 0.890625 0.54765625 0.09765625 0.10625
7 0.6625 0.61796875 0.08984375 0.09375
2 0.04375 0.12890625 0.04609375 0.06015625
2 0.18125 0.12265625 0.03359375 0.06640625
2 0.39765625 0.22265625 0.07734375 0.03984375
2 0.61171875 0.23125 0.08125 0.03515625
2 0.11328125 0.45078125 0.07265625 0.03359375
2 0.21484375 0.54453125 0.0625 0.03515625
2 0.31015625 0.59375 0.03359375 0.05859375
2 0.403125 0.59453125 0.03359375 0.05625
2 0.56015625 0.58828125 0.0375 0.06015625
2 0.765625 0.72734375 0.0875 0.02734375
2 0.77109375 0.56640625 0.06015625 0.06015625
2 0.38046875 0.65078125 0.08359375 0.04375
6 0.11015625 0.32421875 0.075 0.04609375
6 0.10703125 0.36796875 0.07890625 0.03359375
6 0.10390625 0.40703125 0.08125 0.05
6 0.32109375 0.34453125 0.0375 0.075
6 0.45703125 0.37734375 0.07734375 0.03515625
6 0.459375 0.42421875 0.07734375 0.03359375
6 0.77109375 0.65859375 0.04140625 0.0625
6 0.81796875 0.66484375 0.05 0.07109375
6 0.621875 0.71484375 0.03515625 0.05625
6 0.46640625 0.71875 0.03515625 0.07109375